       0.0000000   6.1050001e-14   3.7090001e-14   1.7550000e-15   4.0759368e-25   5.5547457e-25   5.8879989e-26
     0.041392686   9.1880002e-14   5.8159999e-14   2.5879999e-15   6.2404776e-25   8.5315896e-25   8.6068918e-26
     0.079181247   1.3240000e-13   8.7059998e-14   3.6920002e-15   9.1179863e-25   1.2597914e-24   1.2157316e-25
      0.11394336   1.8400000e-13   1.2500000e-13   5.1110002e-15   1.2806197e-24   1.7944377e-24   1.6662635e-25
      0.14612804   2.4809999e-13   1.7280001e-13   6.8790002e-15   1.7367593e-24   2.4721583e-24   2.2206166e-25
      0.17609126   3.2510000e-13   2.3110000e-13   9.0149996e-15   2.2863059e-24   3.3020858e-24   2.8839177e-25
      0.20411999   4.1510000e-13   2.9960000e-13   1.1520000e-14   2.9255744e-24   4.2858221e-24   3.6545647e-25
      0.23044892   5.1690000e-13   3.7730000e-13   1.4350000e-14   3.6465536e-24   5.4137543e-24   4.5229444e-25
      0.25527251   6.2870000e-13   4.6239998e-13   1.7460000e-14   4.4364268e-24   6.6634520e-24   5.4682286e-25
      0.27875360   7.4790001e-13   5.5269998e-13   2.0740000e-14   5.2775694e-24   8.0012694e-24   6.4631799e-25
      0.30103000   8.7070000e-13   6.4489999e-13   2.4040000e-14   6.1379384e-24   9.3823457e-24   7.4677442e-25
      0.32221930   9.9199999e-13   7.3570002e-13   2.7210000e-14   6.9886937e-24   1.0757013e-23   8.4370610e-25
      0.34242269   1.1059999e-12   8.2160000e-13   3.0010001e-14   7.7881800e-24   1.2057980e-23   9.3086451e-25
      0.36172783   1.2090000e-12   8.9870001e-13   3.2359999e-14   8.5075569e-24   1.3240386e-23   1.0048851e-24
      0.38021124   1.2970001e-12   9.6440000e-13   3.4230001e-14   9.1243951e-24   1.4256167e-23   1.0643258e-24
      0.39794001   1.3670000e-12   1.0170000e-12   3.5520001e-14   9.6162635e-24   1.5073277e-23   1.1066233e-24
      0.41497335   1.4180000e-12   1.0540000e-12   3.6170001e-14   9.9607312e-24   1.5650060e-23   1.1293742e-24
      0.43136377   1.4450000e-12   1.0750000e-12   3.6190001e-14   1.0154595e-23   1.5976904e-23   1.1330592e-24
      0.44715802   1.4530000e-12   1.0800000e-12   3.5599999e-14   1.0202660e-23   1.6069831e-23   1.1176783e-24
      0.46239799   1.4400000e-12   1.0700000e-12   3.4440000e-14   1.0101723e-23   1.5909613e-23   1.0851542e-24
      0.47712125   1.4090000e-12   1.0470001e-12   3.2770000e-14   9.8790202e-24   1.5547520e-23   1.0362877e-24
      0.49136168   1.3640000e-12   1.0130000e-12   3.0709999e-14   9.5553808e-24   1.5010792e-23   9.7524482e-25
      0.50514998   1.3110000e-12   9.7159997e-13   2.8390000e-14   9.1644495e-24   1.4347490e-23   9.0571033e-25
      0.51851393   1.2530000e-12   9.2550002e-13   2.5919999e-14   8.7414746e-24   1.3608887e-23   8.3072853e-25
      0.53147893   1.1910000e-12   8.7720001e-13   2.3360000e-14   8.2960698e-24   1.2823821e-23   7.5302297e-25
      0.54406804   1.1300000e-12   8.2829999e-13   2.0800000e-14   7.8474604e-24   1.2019528e-23   6.7451632e-25
      0.55630249   1.0720000e-12   7.8080001e-13   1.8289999e-14   7.4180770e-24   1.1223246e-23   5.9697097e-25
      0.56820173   1.0190000e-12   7.3609998e-13   1.5870001e-14   7.0207373e-24   1.0460610e-23   5.2198908e-25
      0.57978359   9.7230004e-13   6.9480001e-13   1.3600000e-14   6.6602474e-24   9.7444373e-24   4.5085248e-25
      0.59106462   9.3279995e-13   6.5839998e-13   1.1490000e-14   6.3494255e-24   9.0923515e-24   3.8420190e-25
      0.60205999   9.0110000e-13   6.2660001e-13   9.5539997e-15   6.0898726e-24   8.5107615e-24   3.2299877e-25
      0.61278385   8.7780000e-13   6.0009999e-13   7.8159999e-15   5.8863963e-24   8.0060762e-24   2.6740325e-25
      0.62324930   8.6250001e-13   5.7889999e-13   6.2779998e-15   5.7357918e-24   7.5798968e-24   2.1789601e-25
      0.63346845   8.5450001e-13   5.6220003e-13   4.9409998e-15   5.6332525e-24   7.2226114e-24   1.7447701e-25
      0.64345269   8.5300002e-13   5.4980001e-13   3.7999999e-15   5.5739721e-24   6.9358217e-24   1.3716233e-25
      0.65321251   8.5649998e-13   5.4090001e-13   2.8499999e-15   5.5515415e-24   6.7099155e-24   1.0564751e-25
      0.66275782   8.6359999e-13   5.3470000e-13   2.0810001e-15   5.5531438e-24   6.5336759e-24   7.9692260e-26
      0.67209786   8.7240003e-13   5.3040000e-13   1.4770000e-15   5.5707675e-24   6.3990929e-24   5.8896008e-26
      0.68124123   8.8109999e-13   5.2680001e-13   1.0230000e-15   5.5915959e-24   6.2885428e-24   4.2730046e-26
      0.69019609   8.8800001e-13   5.2299999e-13   6.9470000e-16   5.6044135e-24   6.1940142e-24   3.0553505e-26
      0.69897000   8.9149998e-13   5.1850001e-13   4.6640000e-16   5.6012089e-24   6.1026902e-24   2.1645405e-26
      0.70757017   8.9059999e-13   5.1230000e-13   3.1160000e-16   5.5739721e-24   6.0033555e-24   1.5267140e-26
      0.71600333   8.8449999e-13   5.0400000e-13   2.0830000e-16   5.5178959e-24   5.8912031e-24   1.0766626e-26
      0.72427589   8.7290001e-13   4.9360001e-13   1.4000000e-16   5.4313784e-24   5.7598244e-24   7.6151449e-27
      0.73239377   8.5570001e-13   4.8089999e-13   9.4860001e-17   5.3128173e-24   5.6076177e-24   5.4153566e-27
      0.74036269   8.3319999e-13   4.6600001e-13   6.4929999e-17   5.1654171e-24   5.4313784e-24   3.8756651e-27
      0.74818802   8.0540002e-13   4.4890000e-13   4.4929999e-17   4.9875756e-24   5.2359128e-24   2.7941957e-27
      0.75587484   7.7220001e-13   4.2960001e-13   3.1289999e-17   4.7792923e-24   5.0180169e-24   2.0155380e-27
      0.76342801   7.3480002e-13   4.0880000e-13   2.0900000e-17   4.5501811e-24   4.7873034e-24   1.4083132e-27
      0.77085202   6.9670002e-13   3.8780001e-13   1.4120000e-17   4.3162634e-24   4.5533857e-24   9.9126663e-28
      0.77815125   6.5860002e-13   3.6700000e-13   9.6479997e-18   4.0823457e-24   4.3210699e-24   7.0319525e-28
      0.78532983   6.2100000e-13   3.4660000e-13   6.6660000e-18   3.8532345e-24   4.0935610e-24   5.0276299e-28
      0.79239168   5.8439999e-13   3.2680000e-13   4.6559999e-18   3.6305321e-24   3.8724605e-24   3.6209190e-28
      0.79934056   5.4909999e-13   3.0769999e-13   3.2860000e-18   3.4142381e-24   3.6593711e-24   2.6291715e-28
      0.80617998   5.1529999e-13   2.8950000e-13   2.3450000e-18   3.2075572e-24   3.4542925e-24   1.9242139e-28
      0.81291336   4.8320001e-13   2.7230000e-13   1.6900000e-18   3.0120919e-24   3.2604291e-24   1.4182466e-28
      0.81954393   4.5270000e-13   2.5590001e-13   1.2300000e-18   2.8262393e-24   3.0777811e-24   1.0537514e-28
      0.82607479   4.2400000e-13   2.4059999e-13   9.0360000e-19   2.6516021e-24   2.9063482e-24   7.8907191e-29
      0.83250892   3.9700001e-13   2.2630000e-13   6.7019998e-19   2.4865778e-24   2.7477327e-24   5.9536879e-29
      0.83884910   3.7180000e-13   2.1290000e-13   5.0160000e-19   2.3343711e-24   2.6051390e-24   4.5245462e-29
      0.84509804   3.4809999e-13   2.0080000e-13   3.7750000e-19   2.1933796e-24   2.4929866e-24   3.4590990e-29
      0.85733248   3.0509999e-13   1.7720000e-13   2.2050001e-19   1.9290205e-24   2.2158102e-24   2.0668077e-29
      0.86923173   2.6770001e-13   1.5659999e-13   1.3220001e-19   1.6967049e-24   1.9706771e-24   1.2617140e-29
      0.88081359   2.3510000e-13   1.3860000e-13   8.1020002e-20   1.4953113e-24   1.7559855e-24   7.8442563e-30
      0.89209461   2.0670000e-13   1.2280000e-13   5.0469999e-20   1.3192321e-24   1.5651662e-24   4.9459188e-30
      0.90308999   1.8200000e-13   1.0890000e-13   3.1840001e-20   1.1655834e-24   1.3970979e-24   3.1514810e-30
      0.91381384   1.6050000e-13   9.6779999e-14   2.0270000e-20   1.0311607e-24   1.2485762e-24   2.0219467e-30
      0.92427929   1.4180000e-13   8.6110000e-14   1.2980000e-20   9.1356099e-25   1.1171977e-24   1.3051330e-30
      0.93449845   1.2540000e-13   7.6739999e-14   8.3610003e-21   8.1070135e-25   1.0008796e-24   8.4482763e-31
      0.94448268   1.1110000e-13   6.8479998e-14   5.3900002e-21   7.2065899e-25   8.9801992e-25   5.4794435e-31
      0.95424251   9.8680002e-14   6.1200001e-14   3.4829999e-21   6.4167168e-25   8.0637540e-25   3.5584341e-31
      0.96378782   8.7719999e-14   5.4779999e-14   2.2520000e-21   5.7197699e-25   7.2514509e-25   2.3119407e-31
      0.97312784   7.8119999e-14   4.9090001e-14   1.4570000e-21   5.1077386e-25   6.5288690e-25   1.5012394e-31
      0.98227125   6.9669998e-14   4.4069999e-14   9.4220002e-22   4.5678050e-25   5.8847942e-25   9.7444372e-32
      0.99122608   6.2240001e-14   3.9610002e-14   6.0890000e-22   4.0919588e-25   5.3112149e-25   6.3205864e-32
       1.0000000   5.5690001e-14   3.5650001e-14   3.9320001e-22   3.6705863e-25   4.7985187e-25   4.0967652e-32
       1.0086002   4.9910000e-14   3.2129999e-14   2.5369999e-22   3.2972793e-25   4.3418982e-25   2.6516021e-32
       1.0170333   4.4799999e-14   2.8999999e-14   1.6360000e-22   2.9672309e-25   3.9317411e-25   1.7143288e-32
       1.0253059   4.0270000e-14   2.6210000e-14   1.0530000e-22   2.6724305e-25   3.5648426e-25   1.1075845e-32
       1.0334238   3.6260000e-14   2.3720001e-14   6.7769999e-23   2.4112756e-25   3.2363965e-25   7.1441048e-33
       1.0413927   3.2699998e-14   2.1500000e-14   4.3550000e-23   2.1805621e-25   2.9448003e-25   4.6030531e-33
       1.0606978   2.5400001e-14   1.6890000e-14   1.4350000e-23   1.7015115e-25   2.3295645e-25   1.5270344e-33
       1.0791812   1.9900001e-14   1.3380000e-14   4.7000001e-24   1.3389389e-25   1.8553204e-25   5.0324364e-34
       1.0969100   1.5730000e-14   1.0670000e-14   1.5300000e-24   1.0622430e-25   1.4868198e-25   1.6470374e-34
       1.1139434   1.2520000e-14   8.5699998e-15   4.9510000e-25   8.4899329e-26   1.1998699e-25   5.3624845e-35
       1.1303338   1.0050000e-14   6.9300001e-15   1.5940000e-25   6.8332826e-26   9.7428352e-26   1.7351571e-35
       1.1461280   8.1200000e-15   5.6389999e-15   5.1040000e-26   5.5387241e-26   7.9596128e-26   5.5851872e-36
       1.1613680   6.6049999e-15   4.6170000e-15   1.6270000e-26   4.5181377e-26   6.5384822e-26   1.7896312e-36
       1.1760913   5.4080000e-15   3.8020001e-15   5.1639998e-27   3.7074364e-26   5.4025389e-26   5.6973397e-37
       1.1903317   4.4499998e-15   3.1609999e-15   1.6390001e-27   3.0649637e-26   4.5053202e-26   1.7976419e-37
       1.2041200   1.0100000e-15   9.4020001e-16   2.1100000e-28   8.2335852e-27   1.3507950e-26   2.8006046e-38
