       0.0000000   4.9618401e-14   2.6021454e-14   1.0315175e-15   3.1100793e-25   3.5751138e-25   3.3279693e-26
     0.041392695   7.5945633e-14   4.1625413e-14   1.5429205e-15   4.8410896e-25   5.6055591e-25   4.9241771e-26
     0.079181261   1.1103913e-13   6.3334965e-14   2.2299717e-15   7.1759500e-25   8.4285240e-25   7.0368475e-26
      0.11394335   1.5635002e-13   9.2160262e-14   3.1231640e-15   1.0203898e-24   1.2195442e-24   9.7452896e-26
      0.14612803   2.1311646e-13   1.2886071e-13   4.2483866e-15   1.3995557e-24   1.7032498e-24   1.3113634e-25
      0.17609125   2.8203895e-13   1.7401768e-13   5.6206191e-15   1.8588012e-24   2.3005787e-24   1.7179071e-25
      0.20412001   3.6311511e-13   2.2748149e-13   7.2412973e-15   2.3979461e-24   3.0147311e-24   2.1936240e-25
      0.23044893   4.5545439e-13   2.8866320e-13   9.0927595e-15   3.0110761e-24   3.8403161e-24   2.7329629e-25
      0.25527248   5.5747836e-13   3.5608021e-13   1.1132735e-14   3.6875051e-24   4.7621007e-24   3.3238691e-25
      0.27875361   6.6693206e-13   4.2807322e-13   1.3293443e-14   4.4109932e-24   5.7558748e-24   3.9474328e-25
      0.30103001   7.8021542e-13   5.0208759e-13   1.5477529e-14   5.1577430e-24   6.7866094e-24   4.5793576e-25
      0.32221928   8.9270447e-13   5.7570839e-13   1.7564706e-14   5.8987995e-24   7.8206404e-24   5.1876019e-25
      0.34242269   9.9924911e-13   6.4510943e-13   1.9403066e-14   6.5985193e-24   8.8054777e-24   5.7350352e-25
      0.36172783   1.0956805e-12   7.0829324e-13   2.0921672e-14   7.2340963e-24   9.7060943e-24   6.1939477e-25
      0.38021126   1.1789206e-12   7.6232315e-13   2.2107927e-14   7.7815381e-24   1.0483490e-23   6.5593048e-25
      0.39794001   1.2458960e-12   8.0539841e-13   2.2914654e-14   8.2224461e-24   1.1107178e-23   6.8132197e-25
      0.41497335   1.2946987e-12   8.3702402e-13   2.3302441e-14   8.5402326e-24   1.1562972e-23   6.9460979e-25
      0.43136376   1.3227284e-12   8.5560616e-13   2.3278022e-14   8.7275538e-24   1.1831678e-23   6.9565850e-25
      0.44715804   1.3321474e-12   8.6174740e-13   2.2845936e-14   8.7881321e-24   1.1917923e-23   6.8484079e-25
      0.46239799   1.3227670e-12   8.5600121e-13   2.2041059e-14   8.7230296e-24   1.1835420e-23   6.6285418e-25
      0.47712123   1.2969621e-12   8.4006959e-13   2.0909015e-14   8.5517435e-24   1.1596478e-23   6.3112439e-25
      0.49136168   1.2581706e-12   8.1517401e-13   1.9524722e-14   8.2925515e-24   1.1226031e-23   5.9194615e-25
      0.50515002   1.2113152e-12   7.8491088e-13   1.7971402e-14   7.9789565e-24   1.0774183e-23   5.4732603e-25
      0.51851392   1.1603409e-12   7.5090938e-13   1.6316574e-14   7.6371798e-24   1.0260140e-23   4.9927826e-25
      0.53147894   1.1062403e-12   7.1477963e-13   1.4621721e-14   7.2729377e-24   9.7071680e-24   4.4985728e-25
      0.54406804   1.0523446e-12   6.7838013e-13   1.2930608e-14   6.9080376e-24   9.1421946e-24   4.0014645e-25
      0.55630249   1.0015517e-12   6.4333124e-13   1.1280619e-14   6.5606619e-24   8.5911460e-24   3.5140674e-25
      0.56820178   9.5552096e-13   6.1070201e-13   9.7027349e-15   6.2442762e-24   8.0690741e-24   3.0451967e-25
      0.57978362   9.1503749e-13   5.8147273e-13   8.2233799e-15   5.9615273e-24   7.5898250e-24   2.6023213e-25
      0.59106463   8.8165658e-13   5.5624409e-13   6.8570684e-15   5.7234552e-24   7.1634778e-24   2.1910174e-25
      0.60206002   8.5576618e-13   5.3495983e-13   5.6179238e-15   5.5323096e-24   6.7932503e-24   1.8155710e-25
      0.61278385   8.3778343e-13   5.1827087e-13   4.5123955e-15   5.3916389e-24   6.4831254e-24   1.4780467e-25
      0.62324929   8.2724151e-13   5.0580386e-13   3.5443215e-15   5.2978160e-24   6.2335993e-24   1.1803575e-25
      0.63346845   8.2368074e-13   4.9732527e-13   2.7155091e-15   5.2477786e-24   6.0413643e-24   9.2331851e-26
      0.64345270   8.2617775e-13   4.9246641e-13   2.0220940e-15   5.2373025e-24   5.9047807e-24   7.0599148e-26
      0.65321249   8.3334285e-13   4.9044390e-13   1.4606887e-15   5.2571916e-24   5.8144146e-24   5.2718646e-26
      0.66275781   8.4370618e-13   4.9053105e-13   1.0237522e-15   5.2983544e-24   5.7602564e-24   3.8460810e-26
      0.67209786   8.5548773e-13   4.9181345e-13   6.9798120e-16   5.3500922e-24   5.7328364e-24   2.7479274e-26
      0.68124127   8.6684754e-13   4.9336416e-13   4.6709297e-16   5.4013424e-24   5.7203308e-24   1.9335112e-26
      0.69019610   8.7613205e-13   4.9426443e-13   3.0862175e-16   5.4420716e-24   5.7093639e-24   1.3467051e-26
      0.69897002   8.8172177e-13   4.9369713e-13   2.0336607e-16   5.4624462e-24   5.6894621e-24   9.3495683e-27
      0.70757020   8.8266399e-13   4.9107620e-13   1.3434993e-16   5.4564231e-24   5.6525330e-24   6.4980822e-27
      0.71600336   8.7813386e-13   4.8599380e-13   8.9389502e-17   5.4187104e-24   5.5912598e-24   4.5373986e-27
      0.72427589   8.6788819e-13   4.7832790e-13   6.0080144e-17   5.3483605e-24   5.5048313e-24   3.1898081e-27
      0.73239374   8.5185526e-13   4.6803307e-13   4.0877201e-17   5.2442945e-24   5.3901112e-24   2.2623644e-27
      0.74036270   8.3029494e-13   4.5522925e-13   2.8182879e-17   5.1078182e-24   5.2498881e-24   1.6195078e-27
      0.74818802   8.0338918e-13   4.3994004e-13   1.9698848e-17   4.9405147e-24   5.0819591e-24   1.1703387e-27
      0.75587487   7.7082861e-13   4.2217087e-13   1.3898030e-17   4.7411098e-24   4.8890122e-24   8.4970426e-28
      0.76342797   7.3398745e-13   4.0269440e-13   9.4231908e-18   4.5180627e-24   4.6779597e-24   5.9730985e-28
      0.77085203   6.9630875e-13   3.8281430e-13   6.4749184e-18   4.2902335e-24   4.4616837e-24   4.2403424e-28
      0.77815127   6.5855339e-13   3.6294448e-13   4.5088507e-18   4.0621029e-24   4.2449132e-24   3.0403473e-28
      0.78532982   6.2127553e-13   3.4330336e-13   3.1781343e-18   3.8367657e-24   4.0299563e-24   2.2005280e-28
      0.79239166   5.8490286e-13   3.2416549e-13   2.2684493e-18   3.6170579e-24   3.8193568e-24   1.6081818e-28
      0.79934055   5.4973763e-13   3.0571576e-13   1.6370906e-18   3.4043825e-24   3.6155857e-24   1.1858064e-28
      0.80618000   5.1605675e-13   2.8799038e-13   1.1944171e-18   3.2004766e-24   3.4191231e-24   8.8206565e-29
      0.81291336   4.8398823e-13   2.7110473e-13   8.8058040e-19   3.0062536e-24   3.2313379e-24   6.6173308e-29
      0.81954396   4.5359688e-13   2.5511210e-13   6.5557432e-19   2.8220979e-24   3.0535454e-24   5.0044472e-29
      0.82607478   4.2492369e-13   2.4001969e-13   4.9260984e-19   2.6483560e-24   2.8858987e-24   3.8142244e-29
      0.83250892   3.9797300e-13   2.2588634e-13   3.7332444e-19   2.4853040e-24   2.7308170e-24   2.9275543e-29
      0.83884907   3.7270195e-13   2.1276996e-13   2.8523171e-19   2.3331032e-24   2.5913774e-24   2.2625626e-29
      0.84509802   3.4909260e-13   2.0093192e-13   2.1920367e-19   2.1930429e-24   2.4833201e-24   1.7585997e-29
      0.85733247   3.0605189e-13   1.7754766e-13   1.3235830e-19   1.9289353e-24   2.2087603e-24   1.0802242e-29
      0.86923170   2.6854562e-13   1.5705384e-13   8.1571375e-20   1.6983753e-24   1.9670339e-24   6.7505739e-30
      0.88081360   2.3585267e-13   1.3907115e-13   5.1072419e-20   1.4965949e-24   1.7530822e-24   4.2751979e-30
      0.89209461   2.0740768e-13   1.2328357e-13   3.2348442e-20   1.3204474e-24   1.5634987e-24   2.7340130e-30
      0.90309000   1.8266403e-13   1.0943981e-13   2.0660020e-20   1.1668814e-24   1.3962414e-24   1.7603215e-30
      0.91381383   1.6109578e-13   9.7281150e-14   1.3272548e-20   1.0323966e-24   1.2481715e-24   1.1388234e-30
      0.92427927   1.4229817e-13   8.6593762e-14   8.5595055e-21   9.1481053e-25   1.1170335e-24   7.3898790e-31
      0.93449849   1.2589463e-13   7.7193033e-14   5.5366332e-21   8.1185076e-25   1.0009562e-24   4.8032868e-31
      0.94448268   1.1156330e-13   6.8912544e-14   3.5819527e-21   7.2162055e-25   8.9808906e-25   3.1246237e-31
      0.95424253   9.9047914e-14   6.1602088e-14   2.3200467e-21   6.4251758e-25   8.0663239e-25   2.0327068e-31
      0.96378779   8.8056262e-14   5.5148720e-14   1.5028291e-21   5.7285225e-25   7.2536814e-25   1.3223098e-31
      0.97312784   7.8412491e-14   4.9441192e-14   9.7313902e-22   5.1152767e-25   6.5309794e-25   8.5962794e-32
      0.98227125   6.9937091e-14   4.4387359e-14   6.2975888e-22   4.5746869e-25   5.8875437e-25   5.5839812e-32
      0.99122608   6.2480994e-14   3.9903799e-14   4.0720284e-22   4.0977631e-25   5.3133750e-25   3.6238038e-32
       1.0000000   5.5906238e-14   3.5923318e-14   2.6305949e-22   3.6757100e-25   4.8010480e-25   2.3489815e-32
       1.0086001   5.0102225e-14   3.2382847e-14   1.6976811e-22   3.3020243e-25   4.3429660e-25   1.5209930e-32
       1.0170333   4.4970284e-14   2.9231166e-14   1.0944724e-22   2.9706783e-25   3.9334047e-25   9.8364980e-33
       1.0253059   4.0426269e-14   2.6420576e-14   7.0483248e-23   2.6765230e-25   3.5664379e-25   6.3543112e-33
       1.0334238   3.6395810e-14   2.3911323e-14   4.5341066e-23   2.4148353e-25   3.2373647e-25   4.0994381e-33
       1.0413927   3.2828074e-14   2.1685889e-14   2.9136957e-23   2.1827628e-25   2.9468506e-25   2.6410555e-33
       1.0606978   2.5499891e-14   1.7042579e-14   9.6002923e-24   1.7036433e-25   2.3300595e-25   8.7635706e-34
       1.0791812   1.9981205e-14   1.3496667e-14   3.1429878e-24   1.3407648e-25   1.8554422e-25   2.8883838e-34
       1.0969100   1.5787512e-14   1.0767185e-14   1.0227645e-24   1.0635686e-25   1.4875700e-25   9.4591099e-35
       1.1139433   1.2572803e-14   8.6500048e-15   3.3092766e-25   8.5005694e-26   1.2004370e-25   3.0793619e-35
       1.1303338   1.0087956e-14   6.9956006e-15   1.0650536e-25   6.8428823e-26   9.7478516e-26   9.9688100e-36
       1.1461281   8.1516373e-15   5.6937168e-15   3.4106733e-26   5.5459364e-26   7.9629614e-26   3.2103028e-36
       1.1613680   6.6312963e-15   4.6621853e-15   1.0870739e-26   4.5238462e-26   6.5420700e-26   1.0284421e-36
       1.1760913   5.4288563e-15   3.8396299e-15   3.4494439e-27   3.7127234e-26   5.4041708e-26   3.2757662e-37
       1.1903317   4.4674432e-15   3.1924762e-15   1.0949087e-27   3.0682275e-26   4.5069288e-26   1.0327641e-37
       1.2041200   1.0136951e-15   9.4979260e-16   1.4067375e-28   8.2412951e-27   1.3513255e-26   1.6024319e-38
