0.000000000000000000e+00 6.060000000000000179e-14 3.030000000000000090e-14 1.099999999999999928e-15 3.652962695424000621e-25 3.989419785792000249e-25 3.332527371264000532e-26
2.081688702890715365e-02 7.429999999999999643e-14 3.759999999999999882e-14 1.319999999999999953e-15 4.502116304448000666e-25 4.902660459648000749e-25 4.005441552000000248e-26
4.178731897175176624e-02 9.080000000000000185e-14 4.630000000000000214e-14 1.590000000000000001e-15 5.511487575552001388e-25 6.008162328000000314e-25 4.806529862400000756e-26
6.258198422816312056e-02 1.099999999999999983e-13 5.680000000000000157e-14 1.900000000000000108e-15 6.713120041152000716e-25 7.337968923264000550e-25 5.751814068671999646e-26
8.314414314305226816e-02 1.340000000000000096e-13 6.939999999999999963e-14 2.260000000000000042e-15 8.155078999872000828e-25 8.940145544064000879e-25 6.857315937023999671e-26
1.041455505540081483e-01 1.609999999999999956e-13 8.439999999999999883e-14 2.689999999999999929e-15 9.853386217920000919e-25 1.083071395660800141e-24 8.139057233664000715e-26
1.248301494138591844e-01 1.940000000000000064e-13 1.019999999999999945e-13 3.190000000000000165e-15 1.185610699392000133e-24 1.305773945951999974e-24 9.613059724800001513e-26
1.458177144918276213e-01 2.309999999999999750e-13 1.230000000000000060e-13 3.770000000000000123e-15 1.417926309408000034e-24 1.565326558521600159e-24 1.132738870905600172e-25
1.667260555800517130e-01 2.749999999999999894e-13 1.460000000000000090e-13 4.429999999999999804e-15 1.682285451839999978e-24 1.874546646336000238e-24 1.325000065401600156e-25
1.875207208364630673e-01 3.239999999999999826e-13 1.739999999999999906e-13 5.169999999999999995e-15 1.986699009792000481e-24 2.211003736704000233e-24 1.542896085830400184e-25
2.081725266671216878e-01 3.809999999999999921e-13 2.050000000000000100e-13 5.999999999999999677e-15 2.339177866368000039e-24 2.595526125696000386e-24 1.778416049088000200e-25
2.291697025391009335e-01 4.429999999999999804e-13 2.389999999999999914e-13 6.900000000000000102e-15 2.723700255360000191e-24 3.028113813311999960e-24 2.050786074624000292e-25
2.499317566341949237e-01 5.130000000000000355e-13 2.769999999999999809e-13 7.880000000000000249e-15 3.156287942976000133e-24 3.508766799552000426e-24 2.323156100160000385e-25
2.706788361447063918e-01 5.880000000000000189e-13 3.190000000000000039e-13 8.910000000000000026e-15 3.620919163008000302e-24 4.021463318208000384e-24 2.627569658112000704e-25
2.915908256580010960e-01 6.689999999999999766e-13 3.630000000000000183e-13 9.970000000000000684e-15 4.101572149248000401e-24 4.566203369280000937e-24 2.931983216064000565e-25
3.117538610557542555e-01 7.530000000000000226e-13 4.079999999999999781e-13 1.100000000000000046e-14 4.614268667904000359e-24 5.126965186560000317e-24 3.220375007808000312e-25
3.324384599156053333e-01 8.379999999999999634e-13 4.539999999999999840e-13 1.190000000000000010e-14 5.126965186560000317e-24 5.687727003840000432e-24 3.492745033344000404e-25
3.541084391474008664e-01 9.219999999999999084e-13 4.989999999999999942e-13 1.270000000000000047e-14 5.639661705216000275e-24 6.216445288704000688e-24 3.733071526464000729e-25
3.747483460101038721e-01 9.999999999999999799e-13 5.390000000000000257e-13 1.319999999999999992e-14 6.104292925248001546e-24 6.681076508736001224e-24 3.893289188544000946e-25
3.961993470957363428e-01 1.070000000000000086e-12 5.739999999999999775e-13 1.330000000000000076e-14 6.504837080448000894e-24 7.065598897728001009e-24 3.941354487168000368e-25
4.166405073382810076e-01 1.130000000000000032e-12 6.009999999999999635e-13 1.299999999999999983e-14 6.825272404608000225e-24 7.337968923264000918e-24 3.893289188544000946e-25
4.377505628203879895e-01 1.170000000000000063e-12 6.189999999999999878e-13 1.239999999999999954e-14 7.081620663936000571e-24 7.498186585344000950e-24 3.733071526464000729e-25
4.578818967339923773e-01 1.199999999999999935e-12 6.290000000000000461e-13 1.149999999999999991e-14 7.241838326016000604e-24 7.530230117760000075e-24 3.492745033344000404e-25
4.785664955938433440e-01 1.210000000000000095e-12 6.280000000000000504e-13 1.040000000000000018e-14 7.289903624640000761e-24 7.418077754304001669e-24 3.172309709184000430e-25
4.996870826184038328e-01 1.210000000000000095e-12 6.169999999999999963e-13 8.919999999999999794e-15 7.241838326016000604e-24 7.145707728768000290e-24 2.755743787776000694e-25
5.211380837040362479e-01 1.199999999999999935e-12 5.959999999999999848e-13 7.229999999999999548e-15 7.097642430144001603e-24 6.729141807359999911e-24 2.275090801536000044e-25
5.415792439465809682e-01 1.170000000000000063e-12 5.660000000000000116e-13 5.300000000000000136e-15 6.873337703232000381e-24 6.184401756288000828e-24 1.714328984255999975e-25
5.622928644564746392e-01 1.120000000000000074e-12 5.299999999999999631e-13 3.169999999999999840e-15 6.568924145280000613e-24 5.527509341760001134e-24 1.119921457939200035e-25
5.831987739686227412e-01 1.070000000000000086e-12 4.930000000000000198e-13 1.209999999999999940e-15 6.232467054912000250e-24 4.854595161023999673e-24 5.527509341760000124e-26
6.042260530844699717e-01 1.020000000000000097e-12 4.609999999999999542e-13 4.260000000000000197e-16 5.912031730752000184e-24 4.405985707200000904e-24 2.531439060864000310e-26
6.242820958356682937e-01 9.679999999999999143e-13 4.330000000000000230e-13 2.100000000000000104e-16 5.607618172800000416e-24 4.069528616832000541e-24 1.441958958719999883e-26
6.454222693490918594e-01 9.179999999999999254e-13 4.090000000000000243e-13 1.349999999999999996e-16 5.319226381056000210e-24 3.813180357504000195e-24 9.885429750336000687e-27
6.665179805548808734e-01 8.730000000000000162e-13 3.900000000000000043e-13 9.560000000000000283e-17 5.078899887936000895e-24 3.588875630592000442e-24 7.225816559808001019e-27
6.875289612146343599e-01 8.339999999999999804e-13 3.750000000000000177e-13 7.039999999999999518e-17 4.870616927232000705e-24 3.444679734719999972e-24 5.415356978304000362e-27
7.084209001347128165e-01 8.020000000000000158e-13 3.650000000000000098e-13 5.299999999999999840e-17 4.710399265152000672e-24 3.348549137472001128e-24 4.101572149248000699e-27
7.291647896927699879e-01 7.770000000000000213e-13 3.599999999999999806e-13 4.040000000000000073e-17 4.582225135488000499e-24 3.284462072640000306e-24 3.108222644352000149e-27
7.497363155690610625e-01 7.580000000000000013e-13 3.589999999999999849e-13 2.979999999999999859e-17 4.502116304448000483e-24 3.268440306432000744e-24 2.307134333951999855e-27
7.701152947871016119e-01 7.449999999999999557e-13 3.609999999999999764e-13 2.210000000000000104e-17 4.470072772031999888e-24 3.268440306432000744e-24 1.698307218048000177e-27
7.909884750888158678e-01 7.320000000000000111e-13 3.630000000000000183e-13 1.660000000000000103e-17 4.422007473408000466e-24 3.284462072640000306e-24 1.236880351257600278e-27
8.122446968003692591e-01 7.090000000000000082e-13 3.550000000000000019e-13 1.260000000000000075e-17 4.293833343744000293e-24 3.204353241599999923e-24 8.940145544064000291e-28
8.331471119127851210e-01 6.090000000000000304e-13 2.969999999999999967e-13 9.879999999999999813e-18 3.668984461632000459e-24 2.659613190528000105e-24 6.440750015616000537e-28
8.536982117761743316e-01 3.110000000000000048e-15 3.770000000000000123e-15 7.830000000000000707e-18 2.980048514688000790e-26 5.142986952768000040e-26 4.518138070656000658e-28
8.744818176994664238e-01 7.290000000000000129e-16 8.939999999999999330e-16 3.450000000000000131e-18 7.065598897728000745e-27 1.225665114912000015e-26 2.323156100160000116e-28
8.954225460394078517e-01 3.370000000000000033e-16 4.160000000000000051e-16 1.720000000000000092e-18 3.284462072640000593e-27 5.687727003840000398e-27 1.286547826502400180e-28
9.164539485499251237e-01 2.149999999999999930e-16 2.680000000000000161e-16 9.339999999999999990e-19 2.114873139456000316e-27 3.620919163008000595e-27 7.273881858432000903e-29
9.370161074648142296e-01 1.559999999999999958e-16 1.949999999999999885e-16 5.209999999999999625e-19 1.534885202726400049e-27 2.611547891904000591e-27 4.101572149247999914e-29
9.576072870600952358e-01 1.200000000000000024e-16 1.520000000000000047e-16 2.939999999999999860e-19 1.192019405875200158e-27 2.018742542208000008e-27 2.291112567743999998e-29
9.786369483844743478e-01 9.669999999999999852e-17 1.239999999999999935e-16 1.679999999999999920e-19 9.645103257216000635e-28 1.634220153216000211e-27 1.273730413536000189e-29
9.995654882259823459e-01 7.960000000000000169e-17 1.029999999999999974e-16 9.969999999999999960e-20 7.994861337792000970e-28 1.360247951059200159e-27 7.145707728768000713e-30
1.020361282647707757e+00 6.670000000000000408e-17 8.699999999999999621e-17 6.269999999999999907e-20 6.745163573568001094e-28 1.151964990355200269e-27 4.133615681664000312e-30
1.040997692423490495e+00 5.659999999999999773e-17 7.429999999999999445e-17 4.280000000000000048e-20 5.735792302464001090e-28 9.853386217920001063e-28 2.499395528448000132e-30
1.060697840353611809e+00 4.829999999999999722e-17 6.400000000000000458e-17 3.210000000000000036e-20 4.934703992063999720e-28 8.507557856448001058e-28 1.618198387008000052e-30
1.082785370316450058e+00 4.150000000000000258e-17 5.520000000000000210e-17 2.589999999999999917e-20 4.245768045120000443e-28 7.353990689472000413e-28 1.115114928076800210e-30
1.103803720955956802e+00 3.560000000000000162e-17 4.739999999999999738e-17 2.109999999999999931e-20 3.636940929216000228e-28 6.312575885952000964e-28 8.010883104000001365e-31
1.123851640967085785e+00 3.060000000000000049e-17 4.079999999999999860e-17 1.780000000000000110e-20 3.140266176768000311e-28 5.431378744511999637e-28 5.960097029376001513e-31
1.146128035678237955e+00 2.649999999999999920e-17 3.530000000000000168e-17 1.539999999999999967e-20 2.707678489152000630e-28 4.694377498943999847e-28 4.518138070656000427e-31
1.167317334748176005e+00 2.300000000000000088e-17 3.060000000000000049e-17 1.330000000000000067e-20 2.355199632576000457e-28 4.085550383040000528e-28 3.412636202304000294e-31
1.187520720836463095e+00 2.000000000000000143e-17 2.660000000000000021e-17 1.159999999999999991e-20 2.050786074624000350e-28 3.540810331968000547e-28 2.531439060864000214e-31
1.206825876031849765e+00 1.739999999999999986e-17 2.319999999999999981e-17 1.009999999999999976e-20 1.778416049088000135e-28 3.076179111936000076e-28 1.762394282880000160e-31
