       0.0000000   6.0600003e-14   3.0300002e-14   1.1000000e-15   1.8264813e-25   1.9947099e-25   2.2216850e-26
     0.020816904   7.4300002e-14   3.7599999e-14   1.3200001e-15   2.2510582e-25   2.4513303e-25   2.6702944e-26
     0.041787300   9.0800001e-14   4.6300000e-14   1.5900000e-15   2.7557438e-25   3.0040812e-25   3.2043532e-26
     0.062581973   1.1000000e-13   5.6800000e-14   1.8999999e-15   3.3565600e-25   3.6689844e-25   3.8345427e-26
     0.083144131   1.3400000e-13   6.9399998e-14   2.2599999e-15   4.0775394e-25   4.4700729e-25   4.5715439e-26
      0.10414556   1.6100000e-13   8.4400003e-14   2.6900000e-15   4.9266932e-25   5.4153571e-25   5.4260380e-26
      0.12483013   1.9399999e-13   1.0200000e-13   3.1900000e-15   5.9280535e-25   6.5288697e-25   6.4087064e-26
      0.14581773   2.3100001e-13   1.2300000e-13   3.7700001e-15   7.0896315e-25   7.8266327e-25   7.5515921e-26
      0.16672604   2.7499999e-13   1.4600001e-13   4.4300001e-15   8.4114276e-25   9.3727335e-25   8.8333341e-26
      0.18752074   3.2400000e-13   1.7400000e-13   5.1699998e-15   9.9334953e-25   1.1055019e-24   1.0285974e-25
      0.20817253   3.8100000e-13   2.0500000e-13   5.9999998e-15   1.1695889e-24   1.2977631e-24   1.1856107e-25
      0.22916969   4.4299999e-13   2.3900001e-13   6.8999998e-15   1.3618501e-24   1.5140569e-24   1.3671907e-25
      0.24993176   5.1300002e-13   2.7699999e-13   7.8800000e-15   1.5781439e-24   1.7543835e-24   1.5487708e-25
      0.27067884   5.8800003e-13   3.1900001e-13   8.9099997e-15   1.8104596e-24   2.0107317e-24   1.7517131e-25
      0.29159083   6.6900001e-13   3.6299999e-13   9.9699996e-15   2.0507861e-24   2.2831017e-24   1.9546555e-25
      0.31175385   7.5299998e-13   4.0800000e-13   1.1000000e-14   2.3071344e-24   2.5634826e-24   2.1469167e-25
      0.33243848   8.3800003e-13   4.5400001e-13   1.1900000e-14   2.5634826e-24   2.8438635e-24   2.3284967e-25
      0.35410844   9.2200000e-13   4.9899998e-13   1.2700000e-14   2.8198308e-24   3.1082226e-24   2.4887143e-25
      0.37474837   1.0000000e-12   5.3900000e-13   1.3200000e-14   3.0521464e-24   3.3405384e-24   2.5955261e-25
      0.39619935   1.0700000e-12   5.7399999e-13   1.3300000e-14   3.2524185e-24   3.5327996e-24   2.6275696e-25
      0.41664053   1.1300000e-12   6.0099999e-13   1.3000000e-14   3.4126363e-24   3.6689846e-24   2.5955261e-25
      0.43775056   1.1700000e-12   6.1900002e-13   1.2400000e-14   3.5408105e-24   3.7490934e-24   2.4887143e-25
      0.45788192   1.2000000e-12   6.2900000e-13   1.1500000e-14   3.6209193e-24   3.7651152e-24   2.3284967e-25
      0.47856649   1.2100000e-12   6.2799998e-13   1.0400000e-14   3.6449519e-24   3.7090390e-24   2.1148731e-25
      0.49968706   1.2100000e-12   6.1699999e-13   8.9199998e-15   3.6209193e-24   3.5728540e-24   1.8371625e-25
      0.52113807   1.2000000e-12   5.9599997e-13   7.2299996e-15   3.5488213e-24   3.3645710e-24   1.5167272e-25
      0.54157925   1.1700000e-12   5.6599999e-13   5.2999999e-15   3.4366690e-24   3.0922008e-24   1.1428860e-25
      0.56229288   1.1200000e-12   5.2999998e-13   3.1700001e-15   3.2844620e-24   2.7637547e-24   7.4661428e-26
      0.58319879   1.0700000e-12   4.9300001e-13   1.2100000e-15   3.1162335e-24   2.4272976e-24   3.6850064e-26
      0.60422605   1.0199999e-12   4.6100000e-13   4.2600000e-16   2.9560158e-24   2.2029929e-24   1.6876261e-26
      0.62428210   9.6799999e-13   4.3299999e-13   2.0999999e-16   2.8038091e-24   2.0347644e-24   9.6130600e-27
      0.64542228   9.1800005e-13   4.0900001e-13   1.3500001e-16   2.6596132e-24   1.9065902e-24   6.5902863e-27
      0.66651797   8.7300002e-13   3.8999999e-13   9.5600003e-17   2.5394499e-24   1.7944379e-24   4.8172110e-27
      0.68752895   8.3400002e-13   3.7500000e-13   7.0399999e-17   2.4353085e-24   1.7223399e-24   3.6102381e-27
      0.70842087   8.0200001e-13   3.6500000e-13   5.3000000e-17   2.3551997e-24   1.6742746e-24   2.7343814e-27
      0.72916476   7.7699999e-13   3.6000001e-13   4.0400001e-17   2.2911126e-24   1.6422310e-24   2.0721485e-27
      0.74973631   7.5800000e-13   3.5899999e-13   2.9799999e-17   2.2510582e-24   1.6342201e-24   1.5380895e-27
      0.77011532   7.4499998e-13   3.6099999e-13   2.2099999e-17   2.2350364e-24   1.6342201e-24   1.1322048e-27
      0.83261103   7.3200002e-13   3.6299999e-13   1.6599999e-17   2.7637547e-24   1.6422310e-24   8.2458691e-28
      0.85423314   7.0900002e-13   3.5499999e-13   1.2600000e-17   2.6836458e-24   1.6021766e-24   5.9600971e-28
      0.87547797   6.0899999e-13   2.9700000e-13   9.8799999e-18   2.2931153e-24   1.3298066e-24   4.2938332e-28
      0.89634980   3.1100001e-15   3.7700001e-15   7.8299999e-18   1.8625302e-26   2.5714935e-26   3.0120922e-28
      0.91744243   7.2900002e-16   8.9399997e-16   3.4499999e-18   4.4159994e-27   6.1283256e-27   1.5487708e-28
      0.93867980   3.3700000e-16   4.1600001e-16   1.7200000e-18   2.0527888e-27   2.8438636e-27   8.5769854e-29
      0.95999483   2.1500000e-16   2.6800001e-16   9.3400003e-19   1.3217957e-27   1.8104597e-27   4.8492545e-29
      0.98082120   1.5600000e-16   1.9499999e-16   5.2100002e-19   9.5930330e-28   1.3057740e-27   2.7343814e-29
       1.0016645   1.2000000e-16   1.5200000e-16   2.9400000e-19   7.4501210e-28   1.0093713e-27   1.5274084e-29
       1.0229394   9.6700001e-17   1.2400000e-16   1.6799999e-19   6.0281896e-28   8.1711006e-28   8.4915365e-30
       1.0441005   7.9600001e-17   1.0300000e-16   9.9700002e-20   4.9967882e-28   6.8012396e-28   4.7638053e-30
       1.0651164   6.6700000e-17   8.6999998e-17   6.2700000e-20   4.2157273e-28   5.7598252e-28   2.7557437e-30
       1.0859610   5.6599999e-17   7.4300003e-17   4.2799999e-20   3.5848704e-28   4.9266930e-28   1.6662637e-30
       1.1058506   4.8299999e-17   6.4000003e-17   3.2100001e-20   3.0841900e-28   4.2537788e-28   1.0787989e-30
       1.1281407   4.1499999e-17   5.5199999e-17   2.5900001e-20   2.6536050e-28   3.6769953e-28   7.4340996e-31
       1.1493423   3.5600001e-17   4.7400000e-17   2.1099999e-20   2.2730882e-28   3.1562879e-28   5.3405887e-31
       1.1695569   3.0600002e-17   4.0799999e-17   1.7799999e-20   1.9626663e-28   2.7156893e-28   3.9733982e-31
       1.1920096   2.6500000e-17   3.5299999e-17   1.5400000e-20   1.6922990e-28   2.3471888e-28   3.0120921e-31
       1.2133584   2.3000000e-17   3.0600002e-17   1.3300000e-20   1.4719998e-28   2.0427752e-28   2.2750908e-31
       1.2337067   2.0000000e-17   2.6599999e-17   1.1600000e-20   1.2817413e-28   1.7704052e-28   1.6876260e-31
       1.2531440   1.7400001e-17   2.3200001e-17   1.0100000e-20   1.1115100e-28   1.5380895e-28   1.1749295e-31
