       0.0000000   2.2799999e-14   1.2400000e-14   5.5500002e-16   1.4243349e-25   1.7944377e-25   1.8264811e-26
     0.020816887   2.8400000e-14   1.5700000e-14   6.7600000e-16   1.7784159e-25   2.2430472e-25   2.2110035e-26
     0.041787320   3.5400001e-14   1.9600000e-14   8.2299998e-16   2.2270254e-25   2.7877871e-25   2.6916566e-26
     0.062581985   4.4000001e-14   2.4600000e-14   1.0000000e-15   2.7717653e-25   3.4607012e-25   3.2524183e-26
     0.083144142   5.4600001e-14   3.0700001e-14   1.2200000e-15   3.4446795e-25   4.2778111e-25   3.9253323e-26
      0.10414555   6.7399997e-14   3.8300001e-14   1.4800000e-15   4.2617895e-25   5.3032044e-25   4.7424424e-26
      0.12483015   8.3099997e-14   4.7499998e-14   1.8000001e-15   5.2711608e-25   6.5368800e-25   5.7197699e-26
      0.14581771   1.0200000e-13   5.8700000e-14   2.1800000e-15   6.4888149e-25   8.0429264e-25   6.8733371e-26
      0.16672605   1.2500000e-13   7.2199997e-14   2.6300000e-15   7.9467953e-25   9.8533857e-25   8.2351870e-26
      0.18752073   1.5199999e-13   8.8399997e-14   3.1700001e-15   9.6931676e-25   1.2032346e-24   9.8533853e-26
      0.20817253   1.8500001e-13   1.0800000e-13   3.7999999e-15   1.1759975e-24   1.4595828e-24   1.1727932e-25
      0.22916970   2.2300000e-13   1.3000000e-13   4.5400000e-15   1.4179262e-24   1.7623941e-24   1.3890870e-25
      0.24993176   2.6699999e-13   1.5700000e-13   5.3800001e-15   1.6983070e-24   2.1148729e-24   1.6342200e-25
      0.27067884   3.1799999e-13   1.8700001e-13   6.3300000e-15   2.0187424e-24   2.5154171e-24   1.9065900e-25
      0.29159083   3.7600001e-13   2.2200000e-13   7.3799999e-15   2.3872429e-24   2.9800483e-24   2.2270254e-25
      0.31175385   4.4000001e-13   2.6099999e-13   8.5200003e-15   2.8038088e-24   3.4767231e-24   2.5474606e-25
      0.33243846   5.0999997e-13   3.0199999e-13   9.7000002e-15   3.2524184e-24   4.0214630e-24   2.8999395e-25
      0.35410844   5.8499998e-13   3.4600000e-13   1.0900000e-14   3.7170496e-24   4.5982466e-24   3.2363965e-25
      0.37474835   6.6000000e-13   3.9100000e-13   1.1900000e-14   4.1977023e-24   5.1750301e-24   3.5408101e-25
      0.39619935   7.3200002e-13   4.3400000e-13   1.2700000e-14   4.6463117e-24   5.7197700e-24   3.7971584e-25
      0.41664051   7.9900003e-13   4.7400002e-13   1.3200000e-14   5.0788996e-24   6.2004227e-24   3.9573761e-25
      0.43775056   8.5899999e-13   5.0900001e-13   1.3400000e-14   5.4634217e-24   6.6169891e-24   4.0535067e-25
      0.45788190   9.0899998e-13   5.3799998e-13   1.3300000e-14   5.7678355e-24   6.9214026e-24   4.0374847e-25
      0.47856649   9.4399998e-13   5.5699998e-13   1.2800000e-14   5.9921402e-24   7.1136636e-24   3.9093106e-25
      0.49968709   9.6299997e-13   5.6700001e-13   1.1900000e-14   6.1042925e-24   7.1457073e-24   3.6689842e-25
      0.52113807   9.6500000e-13   5.6599999e-13   1.0600000e-14   6.1203140e-24   7.0175327e-24   3.3165053e-25
      0.54157925   9.4999995e-13   5.5500000e-13   9.0399998e-15   6.0081616e-24   6.7611844e-24   2.8518742e-25
      0.56229288   9.1900001e-13   5.3500000e-13   7.2200004e-15   5.8159006e-24   6.3766623e-24   2.3231560e-25
      0.58319877   8.7500000e-13   5.0800000e-13   5.2999999e-15   5.5435308e-24   5.8960093e-24   1.7784159e-25
      0.60422605   8.2200002e-13   4.7599999e-13   3.5099999e-15   5.2070737e-24   5.3833130e-24   1.2416867e-25
      0.62428210   7.6499999e-13   4.4099999e-13   2.0799999e-15   4.8385731e-24   4.8706163e-24   7.9628172e-26
      0.64542228   7.0500002e-13   4.0599999e-13   1.1400000e-15   4.4700724e-24   4.3899637e-24   4.7424424e-26
      0.66651799   6.4699998e-13   3.7200001e-13   5.9099998e-16   4.1175935e-24   3.9894194e-24   2.6916566e-26
      0.68752895   5.9400000e-13   3.4099999e-13   3.0199999e-16   3.7811365e-24   3.6369405e-24   1.4820132e-26
      0.70842091   5.4599999e-13   3.1399999e-13   1.5200000e-16   3.4927449e-24   3.3485489e-24   8.0269042e-27
      0.72916480   5.0400000e-13   2.9100000e-13   7.5999998e-17   3.2363966e-24   3.1082224e-24   4.2778114e-27
      0.74973631   4.6900000e-13   2.7099999e-13   3.7500001e-17   3.0281137e-24   2.8999394e-24   2.2590688e-27
      0.77011528   4.4099999e-13   2.5300001e-13   1.8200000e-17   2.8518741e-24   2.7236999e-24   1.1647823e-27
      0.79098846   4.1200000e-13   2.3700001e-13   8.5699998e-18   2.6756347e-24   2.5634823e-24   5.8479441e-28
      0.81224468   3.6000001e-13   2.1400000e-13   3.2300001e-18   2.3712213e-24   2.3391776e-24   2.4993954e-28
      0.83314711   2.9300000e-13   1.8400000e-13   1.1700000e-18   1.9706771e-24   2.0828295e-24   9.9975809e-29
      0.85369820   2.2999999e-13   1.5400000e-13   4.4199998e-19   1.5845526e-24   1.7944377e-24   4.3098547e-29
      0.87448180   1.7500000e-13   1.2500000e-13   1.7300000e-19   1.2352781e-24   1.5252720e-24   2.0507858e-29
      0.89542255   1.2900000e-13   9.9199999e-14   7.0100003e-20   9.3406891e-25   1.2545042e-24   1.0798669e-29
      0.91645395   9.2800001e-14   7.6100001e-14   2.9199999e-20   6.8893589e-25   1.0013603e-24   6.2164445e-30
      0.93701611   6.5500001e-14   5.6800000e-14   1.2500000e-20   4.9667470e-25   7.7385121e-25   3.8452236e-30
      0.95760727   4.5599998e-14   4.1399999e-14   5.6700000e-21   3.5087665e-25   5.8159006e-25   2.4833735e-30
      0.97863697   3.1200001e-14   2.9600000e-14   2.7400000e-21   2.4513299e-25   4.2617895e-25   1.6502418e-30
      0.99956548   2.1200000e-14   2.0700000e-14   1.4400000e-21   1.6822853e-25   3.0601570e-25   1.1183192e-30
       1.0203613   1.4300000e-14   1.4400001e-14   8.1899999e-22   1.1423519e-25   2.1469165e-25   7.6263600e-31
       1.0409977   9.5900003e-15   9.8200002e-15   4.9899999e-22   7.7064688e-26   1.4852176e-25   5.2230953e-31
       1.0606978   6.4000001e-15   6.6699999e-15   3.2499999e-22   5.1750299e-26   1.0189842e-25   3.5888752e-31
       1.0827854   4.2699998e-15   4.5300000e-15   2.1199999e-22   3.4767230e-26   6.9694678e-26   2.4513301e-31
       1.1038037   2.9200000e-15   3.2399999e-15   1.4300000e-22   2.4192866e-26   5.0308340e-26   1.6983071e-31
       1.1238516   1.7300000e-15   2.0199999e-15   9.8399998e-23   1.4659914e-26   3.1723094e-26   1.2048367e-31
       1.1461280   1.0200000e-15   1.2300000e-15   6.8100002e-23   8.7478833e-27   1.9546553e-26   8.5075571e-32
       1.1673173   5.9200001e-16   7.4600002e-16   4.7299999e-23   5.1750301e-27   1.2000302e-26   5.9761184e-32
       1.1875207   3.4100001e-16   4.4600001e-16   3.2999999e-23   3.0281137e-27   7.2899032e-27   4.1175937e-32
       1.2068259   1.9400001e-16   2.6200000e-16   1.9200000e-23   1.7623941e-27   4.3258767e-27   2.4673517e-32
