       0.0000000   3.3768839e-14   1.3615892e-14   3.8774254e-16   1.9058513e-25   1.6254817e-25   1.2407030e-26
     0.041392695   5.3300047e-14   2.2511758e-14   5.8930410e-16   3.0547638e-25   2.6396961e-25   1.8509942e-26
     0.079181261   8.0044551e-14   3.5209794e-14   8.6579135e-16   4.6440980e-25   4.0910772e-25   2.6701337e-26
      0.11394335   1.1536795e-13   5.2494696e-14   1.2323601e-15   6.7506441e-25   6.0771537e-25   3.7355945e-26
      0.14612803   1.6047771e-13   7.4912055e-14   1.7023807e-15   9.4393307e-25   8.6814632e-25   5.0783734e-26
      0.17609125   2.1614506e-13   1.0292731e-13   2.2853510e-15   1.2752920e-24   1.1966482e-24   6.7192515e-26
      0.20412001   2.8254831e-13   1.3656482e-13   2.9843525e-15   1.6701242e-24   1.5951285e-24   8.6612795e-26
      0.23044893   3.5906764e-13   1.7559177e-13   3.7932988e-15   2.1246765e-24   2.0621915e-24   1.0883509e-25
      0.25527248   4.4452423e-13   2.1911472e-13   4.6947317e-15   2.6318129e-24   2.5890981e-24   1.3339891e-25
      0.27875361   5.3718963e-13   2.6603438e-13   5.6550173e-15   3.1807126e-24   3.1635221e-24   1.5942712e-25
      0.30103001   6.3403793e-13   3.1485362e-13   6.6280650e-15   3.7531884e-24   3.7658351e-24   1.8580825e-25
      0.32221928   7.3116266e-13   3.6385792e-13   7.5475531e-15   4.3272948e-24   4.3732682e-24   2.1094335e-25
      0.34242269   8.2405364e-13   4.1093386e-13   8.3370330e-15   4.8752176e-24   4.9605818e-24   2.3295040e-25
      0.36172783   9.0902070e-13   4.5401804e-13   8.9633206e-15   5.3789099e-24   5.5043193e-24   2.5085934e-25
      0.38021126   9.8337802e-13   4.9191943e-13   9.4380044e-15   5.8207423e-24   5.9832362e-24   2.6459306e-25
      0.39794001   1.0442876e-12   5.2304653e-13   9.7371735e-15   6.1842219e-24   6.3787660e-24   2.7353897e-25
      0.41497335   1.0900187e-12   5.4663901e-13   9.8555022e-15   6.4550696e-24   6.6762995e-24   2.7750922e-25
      0.43136376   1.1181270e-12   5.6196204e-13   9.7869837e-15   6.6283971e-24   6.8706695e-24   2.7626333e-25
      0.44715804   1.1304709e-12   5.6924149e-13   9.5426482e-15   6.7057938e-24   6.9606835e-24   2.7015406e-25
      0.46239799   1.1267328e-12   5.6877918e-13   9.1397743e-15   6.6870188e-24   6.9520546e-24   2.5953159e-25
      0.47712123   1.1087915e-12   5.6111765e-13   8.6001635e-15   6.5857493e-24   6.8511317e-24   2.4509983e-25
      0.49136168   1.0797746e-12   5.4840028e-13   7.9539508e-15   6.4202438e-24   6.6807908e-24   2.2757601e-25
      0.50515002   1.0437252e-12   5.3183175e-13   7.2438173e-15   6.2115093e-24   6.4615316e-24   2.0819393e-25
      0.51851392   1.0041594e-12   5.1290284e-13   6.4966973e-15   5.9825324e-24   6.2084947e-24   1.8764741e-25
      0.53147894   9.6203894e-13   4.9334995e-13   5.7407098e-15   5.7397118e-24   5.9420362e-24   1.6672990e-25
      0.54406804   9.2022033e-13   4.7412851e-13   4.9943036e-15   5.4989081e-24   5.6757733e-24   1.4596338e-25
      0.55630249   8.8125269e-13   4.5611697e-13   4.2746911e-15   5.2740812e-24   5.4221917e-24   1.2584460e-25
      0.56820178   8.4658433e-13   4.4001027e-13   3.5951735e-15   5.0760300e-24   5.1909723e-24   1.0673994e-25
      0.57978362   8.1696431e-13   4.2664911e-13   2.9666078e-15   4.9071088e-24   4.9923325e-24   8.8980786e-26
      0.59106463   7.9373753e-13   4.1630690e-13   2.3957888e-15   4.7757754e-24   4.8323552e-24   7.2764341e-26
      0.60206002   7.7733092e-13   4.0935673e-13   1.8879140e-15   4.6853523e-24   4.7126976e-24   5.8261235e-26
      0.61278385   7.6803510e-13   4.0585093e-13   1.4467337e-15   4.6374327e-24   4.6388263e-24   4.5560511e-26
      0.62324929   7.6545751e-13   4.0562372e-13   1.0738172e-15   4.6290309e-24   4.6059002e-24   3.4717764e-26
      0.63346845   7.6915117e-13   4.0848322e-13   7.7068905e-16   4.6575465e-24   4.6147964e-24   2.5748325e-26
      0.64345270   7.7821532e-13   4.1401426e-13   5.3448487e-16   4.7183779e-24   4.6606299e-24   1.8591055e-26
      0.65321249   7.9132303e-13   4.2149818e-13   3.6039176e-16   4.8029766e-24   4.7356025e-24   1.3119560e-26
      0.66275781   8.0703607e-13   4.3023511e-13   2.3810467e-16   4.9025483e-24   4.8304903e-24   9.1016345e-27
      0.67209786   8.2360618e-13   4.3926898e-13   1.5518875e-16   5.0063502e-24   4.9332819e-24   6.2431879e-27
      0.68124127   8.3923231e-13   4.4772541e-13   1.0096158e-16   5.1037302e-24   5.0334876e-24   4.2686826e-27
      0.69019610   8.5230367e-13   4.5483272e-13   6.5774592e-17   5.1854656e-24   5.1213029e-24   2.9218410e-27
      0.69897002   8.6122844e-13   4.5969592e-13   4.3287297e-17   5.2417281e-24   5.1856353e-24   2.0139979e-27
      0.70757020   8.6510105e-13   4.6192989e-13   2.8847515e-17   5.2673975e-24   5.2228709e-24   1.4012608e-27
      0.71600336   8.6312082e-13   4.6104566e-13   1.9513903e-17   5.2571630e-24   5.2253783e-24   9.8621629e-28
      0.72427589   8.5508409e-13   4.5697551e-13   1.3412190e-17   5.2104065e-24   5.1921288e-24   7.0289960e-28
      0.73239374   8.4097126e-13   4.4984215e-13   9.3735836e-18   5.1269568e-24   5.1242505e-24   5.0754253e-28
      0.74036270   8.2106422e-13   4.3971751e-13   6.6606310e-18   5.0080621e-24   5.0227102e-24   3.7135819e-28
      0.74818802   7.9559479e-13   4.2684486e-13   4.8099624e-18   4.8563080e-24   4.8908619e-24   2.7514839e-28
      0.75587487   7.6427778e-13   4.1113216e-13   3.5191914e-18   4.6702658e-24   4.7276021e-24   2.0568373e-28
      0.76342797   7.2850502e-13   3.9340868e-13   2.4860190e-18   4.4586566e-24   4.5425083e-24   1.4947385e-28
      0.77085203   6.9173436e-13   3.7506146e-13   1.7836312e-18   4.2406714e-24   4.3491041e-24   1.0998557e-28
      0.77815127   6.5474319e-13   3.5645777e-13   1.2970834e-18   4.0207352e-24   4.1507327e-24   8.1854194e-29
      0.78532982   6.1811270e-13   3.3791343e-13   9.5518218e-19   3.8023878e-24   3.9509571e-24   6.1569195e-29
      0.79239166   5.8228252e-13   3.1969665e-13   7.1158964e-19   3.5885857e-24   3.7538581e-24   4.6754140e-29
      0.79934055   5.4756845e-13   3.0200754e-13   5.3572524e-19   3.3808117e-24   3.5615302e-24   3.5819467e-29
      0.80618000   5.1426460e-13   2.8491478e-13   4.0712469e-19   3.1809720e-24   3.3740680e-24   2.7655247e-29
      0.81291336   4.8250890e-13   2.6855062e-13   3.1204264e-19   2.9901106e-24   3.1938663e-24   2.1503091e-29
      0.81954396   4.5237849e-13   2.5300150e-13   2.4094125e-19   2.8087947e-24   3.0227009e-24   1.6823483e-29
      0.82607478   4.2392343e-13   2.3828721e-13   1.8734226e-19   2.6374457e-24   2.8606127e-24   1.3235096e-29
      0.83250892   3.9715224e-13   2.2446103e-13   1.4648050e-19   2.4763385e-24   2.7099167e-24   1.0462660e-29
      0.83884907   3.7202866e-13   2.1159656e-13   1.1509878e-19   2.3257450e-24   2.5742722e-24   8.3034439e-30
      0.84509802   3.4854211e-13   1.9998426e-13   9.0796789e-20   2.1870787e-24   2.4697292e-24   6.6127800e-30
      0.85733247   3.0568570e-13   1.7692605e-13   5.7176615e-20   1.9250151e-24   2.2003683e-24   4.2318020e-30
      0.86923170   2.6830217e-13   1.5662914e-13   3.6403994e-20   1.6957158e-24   1.9608073e-24   2.7312035e-30
      0.88081360   2.3569164e-13   1.3878668e-13   2.3358881e-20   1.4948236e-24   1.7488952e-24   1.7736986e-30
      0.89209461   2.0730114e-13   1.2309095e-13   1.5067412e-20   1.3192616e-24   1.5606657e-24   1.1561602e-30
      0.90309000   1.8259420e-13   1.0931248e-13   9.7527792e-21   1.1660996e-24   1.3943559e-24   7.5551495e-31
      0.91381383   1.6105016e-13   9.7197330e-14   6.3264639e-21   1.0318832e-24   1.2469256e-24   4.9439288e-31
      0.92427927   1.4226829e-13   8.6537798e-14   4.1084930e-21   9.1447071e-25   1.1162024e-24   3.2363140e-31
      0.93449849   1.2587523e-13   7.7156502e-14   2.6708361e-21   8.1162891e-25   1.0004076e-24   2.1186866e-31
      0.94448268   1.1155067e-13   6.8888215e-14   1.7340044e-21   7.2147415e-25   8.9772313e-25   1.3862148e-31
      0.95424253   9.9039696e-14   6.1586054e-14   1.1259154e-21   6.4242171e-25   8.0639197e-25   9.0618104e-32
      0.96378779   8.8050922e-14   5.5138016e-14   7.3056612e-22   5.7278890e-25   7.2520580e-25   5.9171948e-32
      0.97312784   7.8409044e-14   4.9434309e-14   4.7362862e-22   5.1148703e-25   6.5299553e-25   3.8602678e-32
      0.98227125   6.9934814e-14   4.4382555e-14   3.0674929e-22   4.5744097e-25   5.8868152e-25   2.5154103e-32
      0.99122608   6.2479505e-14   3.9900531e-14   1.9845011e-22   4.0975776e-25   5.3128814e-25   1.6371770e-32
       1.0000000   5.5905244e-14   3.5921044e-14   1.2824534e-22   3.6755841e-25   4.8007041e-25   1.0640325e-32
       1.0086001   5.0101563e-14   3.2381285e-14   8.2781731e-23   3.3019393e-25   4.3427323e-25   6.9071911e-33
       1.0170333   4.4969827e-14   2.9230003e-14   5.3374490e-23   2.9706176e-25   3.9332301e-25   4.4776010e-33
       1.0253059   4.0425957e-14   2.6419724e-14   3.4374743e-23   2.6764801e-25   3.5663105e-25   2.8992720e-33
       1.0334238   3.6395584e-14   2.3910668e-14   2.2113103e-23   2.4148035e-25   3.2372674e-25   1.8745100e-33
       1.0413927   3.2827907e-14   2.1685381e-14   1.4209961e-23   2.1827389e-25   2.9467765e-25   1.2101793e-33
       1.0606978   2.5499806e-14   1.7042271e-14   4.6815615e-24   1.7036301e-25   2.3300147e-25   4.0372457e-34
       1.0791812   1.9981154e-14   1.3496462e-14   1.5324753e-24   1.3407564e-25   1.8554124e-25   1.3376082e-34
       1.0969100   1.5787478e-14   1.0767041e-14   4.9862296e-25   1.0635628e-25   1.4875489e-25   4.4028291e-35
       1.1139433   1.2572778e-14   8.6498976e-15   1.6131762e-25   8.5005271e-26   1.2004214e-25   1.4404628e-35
       1.1303338   1.0087937e-14   6.9955199e-15   5.1913460e-26   6.8428504e-26   9.7477325e-26   4.6859192e-36
       1.1461281   8.1516241e-15   5.6936564e-15   1.6623220e-26   5.5459130e-26   7.9628718e-26   1.5161468e-36
       1.1613680   6.6312861e-15   4.6621396e-15   5.2979146e-27   4.5238286e-26   6.5420020e-26   4.8779752e-37
       1.1760913   5.4288479e-15   3.8395948e-15   1.6809738e-27   3.7127093e-26   5.4041181e-26   1.5584355e-37
       1.1903317   4.4674370e-15   3.1924495e-15   5.3344700e-28   3.0682171e-26   4.5068885e-26   4.8981915e-38
       1.2041200   1.0136941e-15   9.4978573e-16   6.8496154e-29   8.2412693e-27   1.3513149e-26   7.4249184e-39
