       0.0000000   4.0580000e-14   1.8690001e-14   6.2620002e-16   2.4144799e-25   2.3936516e-25   1.9995162e-26
     0.041392686   6.3099997e-14   3.0410001e-14   9.4529999e-16   3.8147824e-25   3.8179865e-25   2.9752417e-26
     0.079181247   9.3530001e-14   4.6949999e-14   1.3780000e-15   5.7277809e-25   5.8319225e-25   4.2778112e-26
      0.11394336   1.3330000e-13   6.9190001e-14   1.9470001e-15   8.2367892e-25   8.5524181e-25   5.9616990e-26
      0.14612804   1.8360000e-13   9.7760003e-14   2.6700001e-15   1.1410701e-24   1.2085217e-24   8.0701630e-26
      0.17609126   2.4519999e-13   1.3320000e-13   3.5599999e-15   1.5287969e-24   1.6486396e-24   1.0632043e-25
      0.20411999   3.1820000e-13   1.7550000e-13   4.6179999e-15   1.9866988e-24   2.1805621e-24   1.3647339e-25
      0.23044892   4.0180001e-13   2.2409999e-13   5.8349999e-15   2.5122127e-24   2.7990023e-24   1.7079201e-25
      0.25527251   4.9460002e-13   2.7810000e-13   7.1839998e-15   3.0954048e-24   3.4943468e-24   2.0860337e-25
      0.27875360   5.9479998e-13   3.3590001e-13   8.6159997e-15   3.7218561e-24   4.2441654e-24   2.4865780e-25
      0.30103000   6.9910001e-13   3.9569999e-13   1.0060000e-14   4.3723396e-24   5.0276299e-24   2.8919285e-25
      0.32221930   8.0299997e-13   4.5560002e-13   1.1440000e-14   5.0196188e-24   5.8159006e-24   3.2796553e-25
      0.34242269   9.0199999e-13   5.1240002e-13   1.2640000e-14   5.6348548e-24   6.5705256e-24   3.6257254e-25
      0.36172783   9.9199999e-13   5.6439998e-13   1.3610000e-14   6.1972188e-24   7.2626658e-24   3.9109126e-25
      0.38021124   1.0700000e-12   6.0959999e-13   1.4370000e-14   6.6874849e-24   7.8698910e-24   4.1352174e-25
      0.39794001   1.1340000e-12   6.4669998e-13   1.4870001e-14   7.0864269e-24   8.3697701e-24   4.2874241e-25
      0.41497335   1.1810000e-12   6.7390001e-13   1.5090000e-14   7.3780227e-24   8.7398730e-24   4.3627267e-25
      0.43136377   1.2090000e-12   6.9110001e-13   1.5030000e-14   7.5590684e-24   8.9705861e-24   4.3579201e-25
      0.44715802   1.2200000e-12   6.9790002e-13   1.4709999e-14   7.6295641e-24   9.0635125e-24   4.2778111e-25
      0.46239799   1.2140000e-12   6.9540001e-13   1.4150000e-14   7.5911121e-24   9.0282643e-24   4.1272068e-25
      0.47712125   1.1919999e-12   6.8410002e-13   1.3370000e-14   7.4581314e-24   8.8712514e-24   3.9157195e-25
      0.49136168   1.1590000e-12   6.6609999e-13   1.2430000e-14   7.2498489e-24   8.6165054e-24   3.6529623e-25
      0.50514998   1.1180000e-12   6.4320001e-13   1.1380000e-14   6.9935005e-24   8.2912636e-24   3.3613664e-25
      0.51851393   1.0730000e-12   6.1759999e-13   1.0280000e-14   6.7131193e-24   7.9227630e-24   3.0489419e-25
      0.53147893   1.0260000e-12   5.9100001e-13   9.1470004e-15   6.4167167e-24   7.5414447e-24   2.7301088e-25
      0.54406804   9.7839998e-13   5.6450000e-13   8.0270001e-15   6.1219163e-24   7.1537180e-24   2.4096734e-25
      0.55630249   9.3399995e-13   5.3880002e-13   6.9420000e-15   5.8415357e-24   6.7740020e-24   2.0988512e-25
      0.56820173   8.9420002e-13   5.1540001e-13   5.9090001e-15   5.5899939e-24   6.4183189e-24   1.8008463e-25
      0.57978359   8.5959999e-13   4.9510000e-13   4.9469998e-15   5.3704957e-24   6.1010879e-24   1.5214268e-25
      0.59106462   8.3170000e-13   4.7800002e-13   4.0650001e-15   5.1894496e-24   5.8271159e-24   1.2636366e-25
      0.60205999   8.1090001e-13   4.6470000e-13   3.2710000e-15   5.0548667e-24   5.5996069e-24   1.0303597e-25
      0.61278385   7.9760000e-13   4.5539999e-13   2.5720001e-15   4.9651449e-24   5.4265719e-24   8.2319826e-26
      0.62324930   7.9130002e-13   4.4959999e-13   1.9679999e-15   4.9170795e-24   5.2999997e-24   6.4295340e-26
      0.63346845   7.9160002e-13   4.4740001e-13   1.4610000e-15   4.9106711e-24   5.2230952e-24   4.9010576e-26
      0.64345269   7.9749998e-13   4.4819999e-13   1.0490000e-15   4.9379078e-24   5.1894496e-24   3.6401450e-26
      0.65321251   8.0780001e-13   4.5140001e-13   7.2989999e-16   4.9939840e-24   5.1926539e-24   2.6371825e-26
      0.66275782   8.2089999e-13   4.5610000e-13   4.9389999e-16   5.0676843e-24   5.2214933e-24   1.8681377e-26
      0.67209786   8.3520002e-13   4.6160000e-13   3.2710001e-16   5.1477930e-24   5.2695584e-24   1.3016081e-26
      0.68124123   8.4879998e-13   4.6690001e-13   2.1450000e-16   5.2246975e-24   5.3224303e-24   8.9818012e-27
      0.69019609   8.6000001e-13   4.7129997e-13   1.3990000e-16   5.2871825e-24   5.3704957e-24   6.1715839e-27
      0.69897000   8.6740001e-13   4.7370002e-13   9.1709998e-17   5.3288391e-24   5.3993348e-24   4.2489721e-27
      0.70757017   8.6990002e-13   4.7370002e-13   6.0609998e-17   5.3400541e-24   5.4041413e-24   2.9431981e-27
      0.71600333   8.6670000e-13   4.7090001e-13   4.0520001e-17   5.3176238e-24   5.3801088e-24   2.0555924e-27
      0.72427589   8.5769998e-13   4.6530000e-13   2.7470000e-17   5.2599453e-24   5.3240326e-24   1.4499697e-27
      0.73239377   8.4280001e-13   4.5670000e-13   1.8900000e-17   5.1686213e-24   5.2359128e-24   1.0343651e-27
      0.74036269   8.2220000e-13   4.4540001e-13   1.3200000e-17   5.0420494e-24   5.1173516e-24   7.4645401e-28
      0.74818802   7.9620002e-13   4.3140001e-13   9.3620004e-18   4.8834339e-24   4.9699515e-24   5.4474001e-28
      0.75587484   7.6439999e-13   4.1489999e-13   6.7179999e-18   4.6927748e-24   4.7953141e-24   4.0038390e-28
      0.76342801   7.2830002e-13   3.9640001e-13   4.6450001e-18   4.4764812e-24   4.5982466e-24   2.8550784e-28
      0.77085202   6.9120003e-13   3.7739999e-13   3.2579999e-18   4.2537784e-24   4.3947702e-24   2.0587967e-28
      0.77815125   6.5400002e-13   3.5830001e-13   2.3169999e-18   4.0310760e-24   4.1880892e-24   1.5022007e-28
      0.78532983   6.1719998e-13   3.3930001e-13   1.6700000e-18   3.8099756e-24   3.9830106e-24   1.1072642e-28
      0.79239168   5.8129998e-13   3.2070001e-13   1.2180000e-18   3.5952839e-24   3.7795342e-24   8.2431978e-29
      0.79934056   5.4650002e-13   3.0270000e-13   8.9850002e-19   3.3853991e-24   3.5824666e-24   6.1940143e-29
      0.80617998   5.1320000e-13   2.8540001e-13   6.6979999e-19   3.1835246e-24   3.3918075e-24   4.6943773e-29
      0.81291336   4.8140002e-13   2.6880001e-13   5.0419998e-19   2.9912636e-24   3.2091595e-24   3.5888753e-29
      0.81954393   4.5120000e-13   2.5310000e-13   3.8300000e-19   2.8102176e-24   3.0345222e-24   2.7637544e-29
      0.82607479   4.2280001e-13   2.3829999e-13   2.9320001e-19   2.6371824e-24   2.8694980e-24   2.1421099e-29
      0.83250892   3.9599999e-13   2.2430000e-13   2.2620001e-19   2.4753627e-24   2.7172913e-24   1.6710700e-29
      0.83884910   3.7090001e-13   2.1140000e-13   1.7560000e-19   2.3247581e-24   2.5811063e-24   1.3102599e-29
      0.84509804   3.4750000e-13   1.9950000e-13   1.3700001e-19   2.1853686e-24   2.4737604e-24   1.0321221e-29
      0.85733248   3.0470000e-13   1.7630000e-13   8.4720000e-20   1.9242140e-24   2.2029927e-24   6.4872124e-30
      0.86923173   2.6740001e-13   1.5600000e-13   5.3219999e-20   1.6935005e-24   1.9626662e-24   4.1272067e-30
      0.88081359   2.3489999e-13   1.3820000e-13   3.3799999e-20   1.4932285e-24   1.7495767e-24   2.6516021e-30
      0.89209461   2.0660000e-13   1.2250001e-13   2.1640000e-20   1.3176299e-24   1.5611608e-24   1.7143288e-30
      0.90308999   1.8190000e-13   1.0870000e-13   1.3929999e-20   1.1646221e-24   1.3945344e-24   1.1125513e-30
      0.91381384   1.6050000e-13   9.6659998e-14   9.0029999e-21   1.0305199e-24   1.2469740e-24   7.2418381e-31
      0.92427929   1.4170001e-13   8.6029999e-14   5.8300001e-21   9.1324059e-25   1.1160761e-24   4.7216141e-31
      0.93449845   1.2540000e-13   7.6680002e-14   3.7829999e-21   8.1054110e-25   1.0002388e-24   3.0793833e-31
      0.94448268   1.1110000e-13   6.8450000e-14   2.4520000e-21   7.2049878e-25   8.9753927e-25   2.0091293e-31
      0.95424251   9.8670001e-14   6.1179997e-14   1.5900000e-21   6.4151148e-25   8.0605500e-25   1.3102599e-31
      0.96378782   8.7719999e-14   5.4759999e-14   1.0310000e-21   5.7197699e-25   7.2498484e-25   8.5379984e-32
      0.97312784   7.8109997e-14   4.9079999e-14   6.6820002e-22   5.1077386e-25   6.5272670e-25   5.5595525e-32
      0.98227125   6.9669998e-14   4.4060001e-14   4.3260001e-22   4.5678050e-25   5.8847942e-25   3.6161122e-32
      0.99122608   6.2240001e-14   3.9600000e-14   2.7980000e-22   4.0919588e-25   5.3112149e-25   2.3487906e-32
       1.0000000   5.5690001e-14   3.5650001e-14   1.8080000e-22   3.6705863e-25   4.7985187e-25   1.5246311e-32
       1.0086002   4.9910000e-14   3.2129999e-14   1.1670001e-22   3.2972793e-25   4.3402961e-25   9.8822244e-33
       1.0170333   4.4799999e-14   2.8999999e-14   7.5229998e-23   2.9672309e-25   3.9317411e-25   6.3974906e-33
       1.0253059   4.0270000e-14   2.6200000e-14   4.8450000e-23   2.6724305e-25   3.5648426e-25   4.1368198e-33
       1.0334238   3.6260000e-14   2.3710001e-14   3.1169999e-23   2.4112756e-25   3.2363965e-25   2.6708281e-33
       1.0413927   3.2699998e-14   2.1500000e-14   2.0030000e-23   2.1805621e-25   2.9448003e-25   1.7223397e-33
       1.0606978   2.5400001e-14   1.6890000e-14   6.5979999e-24   1.7015115e-25   2.3295645e-25   5.7245765e-34
       1.0791812   1.9900001e-14   1.3380000e-14   2.1600000e-24   1.3389389e-25   1.8553204e-25   1.8905682e-34
       1.0969100   1.5730000e-14   1.0670000e-14   7.0269999e-25   1.0622430e-25   1.4868198e-25   6.2036275e-35
       1.1139434   1.2520000e-14   8.5699998e-15   2.2729999e-25   8.4899329e-26   1.1998699e-25   2.0235489e-35
       1.1303338   1.0050000e-14   6.9300001e-15   7.3160002e-26   6.8332826e-26   9.7428352e-26   6.5625151e-36
       1.1461280   8.1200000e-15   5.6389999e-15   2.3420000e-26   5.5387241e-26   7.9596128e-26   2.1180774e-36
       1.1613680   6.6049999e-15   4.6170000e-15   7.4650000e-27   4.5181377e-26   6.5384822e-26   6.7948306e-37
       1.1760913   5.4080000e-15   3.8020001e-15   2.3690000e-27   3.7074364e-26   5.4009370e-26   2.1661426e-37
       1.1903317   4.4499998e-15   3.1609999e-15   7.5169999e-28   3.0649637e-26   4.5053202e-26   6.8220675e-38
       1.2041200   1.0100000e-15   9.4009995e-16   9.6750000e-29   8.2335852e-27   1.3506347e-26   1.0486245e-38
