0.000000000000000000e+00 6.060000000000000179e-14 3.030000000000000090e-14 1.099999999999999928e-15 7.305925390848001242e-25 7.978839571584000498e-25 4.998791056896000511e-26
2.081688702890715365e-02 7.429999999999999643e-14 3.759999999999999882e-14 1.319999999999999953e-15 9.004232608896001333e-25 9.805320919296001497e-25 6.008162328000000085e-26
4.178731897175176624e-02 9.080000000000000185e-14 4.630000000000000214e-14 1.590000000000000001e-15 1.102297515110400278e-24 1.201632465600000063e-24 7.209794793600000561e-26
6.258198422816312056e-02 1.099999999999999983e-13 5.680000000000000157e-14 1.900000000000000108e-15 1.342624008230400143e-24 1.467593784652800110e-24 8.627721103008000043e-26
8.314414314305226816e-02 1.340000000000000096e-13 6.939999999999999963e-14 2.260000000000000042e-15 1.631015799974400166e-24 1.788029108812800176e-24 1.028597390553599893e-25
1.041455505540081483e-01 1.609999999999999956e-13 8.439999999999999883e-14 2.689999999999999929e-15 1.970677243584000184e-24 2.166142791321600283e-24 1.220858585049600107e-25
1.248301494138591844e-01 1.940000000000000064e-13 1.019999999999999945e-13 3.190000000000000165e-15 2.371221398784000266e-24 2.611547891903999948e-24 1.441958958720000112e-25
1.458177144918276213e-01 2.309999999999999750e-13 1.230000000000000060e-13 3.770000000000000123e-15 2.835852618816000067e-24 3.130653117043200319e-24 1.699108306358400143e-25
1.667260555800517130e-01 2.749999999999999894e-13 1.460000000000000090e-13 4.429999999999999804e-15 3.364570903679999956e-24 3.749093292672000475e-24 1.987500098102400349e-25
1.875207208364630673e-01 3.239999999999999826e-13 1.739999999999999906e-13 5.169999999999999995e-15 3.973398019584000962e-24 4.422007473408000466e-24 2.314344128745600276e-25
2.081725266671216878e-01 3.809999999999999921e-13 2.050000000000000100e-13 5.999999999999999677e-15 4.678355732736000078e-24 5.191052251392000771e-24 2.667624073632000070e-25
2.291697025391009335e-01 4.429999999999999804e-13 2.389999999999999914e-13 6.900000000000000102e-15 5.447400510720000383e-24 6.056227626623999920e-24 3.076179111936000668e-25
2.499317566341949237e-01 5.130000000000000355e-13 2.769999999999999809e-13 7.880000000000000249e-15 6.312575885952000266e-24 7.017533599104000852e-24 3.484734150240000348e-25
2.706788361447063918e-01 5.880000000000000189e-13 3.190000000000000039e-13 8.910000000000000026e-15 7.241838326016000604e-24 8.042926636416000768e-24 3.941354487168001286e-25
2.915908256580010960e-01 6.689999999999999766e-13 3.630000000000000183e-13 9.970000000000000684e-15 8.203144298496000801e-24 9.132406738560001873e-24 4.397974824096000388e-25
3.117538610557542555e-01 7.530000000000000226e-13 4.079999999999999781e-13 1.100000000000000046e-14 9.228537335808000718e-24 1.025393037312000063e-23 4.830562511712000697e-25
3.324384599156053333e-01 8.379999999999999634e-13 4.539999999999999840e-13 1.190000000000000010e-14 1.025393037312000063e-23 1.137545400768000086e-23 5.239117550016000377e-25
3.541084391474008664e-01 9.219999999999999084e-13 4.989999999999999942e-13 1.270000000000000047e-14 1.127932341043200055e-23 1.243289057740800138e-23 5.599607289696000634e-25
3.747483460101038721e-01 9.999999999999999799e-13 5.390000000000000257e-13 1.319999999999999992e-14 1.220858585049600309e-23 1.336215301747200245e-23 5.839933782816001418e-25
3.961993470957363428e-01 1.070000000000000086e-12 5.739999999999999775e-13 1.330000000000000076e-14 1.300967416089600179e-23 1.413119779545600202e-23 5.912031730752000552e-25
4.166405073382810076e-01 1.130000000000000032e-12 6.009999999999999635e-13 1.299999999999999983e-14 1.365054480921600045e-23 1.467593784652800184e-23 5.839933782816001418e-25
4.377505628203879895e-01 1.170000000000000063e-12 6.189999999999999878e-13 1.239999999999999954e-14 1.416324132787200114e-23 1.499637317068800190e-23 5.599607289696000634e-25
4.578818967339923773e-01 1.199999999999999935e-12 6.290000000000000461e-13 1.149999999999999991e-14 1.448367665203200121e-23 1.506046023552000015e-23 5.239117550016000377e-25
4.785664955938433440e-01 1.210000000000000095e-12 6.280000000000000504e-13 1.040000000000000018e-14 1.457980724928000152e-23 1.483615550860800334e-23 4.758464563776000646e-25
4.996870826184038328e-01 1.210000000000000095e-12 6.169999999999999963e-13 8.919999999999999794e-15 1.448367665203200121e-23 1.429141545753600058e-23 4.133615681664000811e-25
5.211380837040362479e-01 1.199999999999999935e-12 5.959999999999999848e-13 7.229999999999999548e-15 1.419528486028800321e-23 1.345828361471999982e-23 3.412636202304000296e-25
5.415792439465809682e-01 1.170000000000000063e-12 5.660000000000000116e-13 5.300000000000000136e-15 1.374667540646400076e-23 1.236880351257600166e-23 2.571493476383999848e-25
5.622928644564746392e-01 1.120000000000000074e-12 5.299999999999999631e-13 3.169999999999999840e-15 1.313784829056000123e-23 1.105501868352000227e-23 1.679882186908800053e-25
5.831987739686227412e-01 1.070000000000000086e-12 4.930000000000000198e-13 1.209999999999999940e-15 1.246493410982400050e-23 9.709190322047999347e-24 8.291264012640000186e-26
6.042260530844699717e-01 1.020000000000000097e-12 4.609999999999999542e-13 4.260000000000000197e-16 1.182406346150400037e-23 8.811971414400001808e-24 3.797158591296000609e-26
6.242820958356682937e-01 9.679999999999999143e-13 4.330000000000000230e-13 2.100000000000000104e-16 1.121523634560000083e-23 8.139057233664001082e-24 2.162938438079999824e-26
6.454222693490918594e-01 9.179999999999999254e-13 4.090000000000000243e-13 1.349999999999999996e-16 1.063845276211200042e-23 7.626360715008000389e-24 1.482814462550400103e-26
6.665179805548808734e-01 8.730000000000000162e-13 3.900000000000000043e-13 9.560000000000000283e-17 1.015779977587200179e-23 7.177751261184000885e-24 1.083872483971200153e-26
6.875289612146343599e-01 8.339999999999999804e-13 3.750000000000000177e-13 7.039999999999999518e-17 9.741233854464001411e-24 6.889359469439999944e-24 8.123035467456000544e-27
7.084209001347128165e-01 8.020000000000000158e-13 3.650000000000000098e-13 5.299999999999999840e-17 9.420798530304001345e-24 6.697098274944002255e-24 6.152358223872001049e-27
7.291647896927699879e-01 7.770000000000000213e-13 3.599999999999999806e-13 4.040000000000000073e-17 9.164450270976000998e-24 6.568924145280000613e-24 4.662333966528000223e-27
7.497363155690610625e-01 7.580000000000000013e-13 3.589999999999999849e-13 2.979999999999999859e-17 9.004232608896000966e-24 6.536880612864001488e-24 3.460701500927999603e-27
7.701152947871016119e-01 7.449999999999999557e-13 3.609999999999999764e-13 2.210000000000000104e-17 8.940145544063999777e-24 6.536880612864001488e-24 2.547460827072000266e-27
7.909884750888158678e-01 7.320000000000000111e-13 3.630000000000000183e-13 1.660000000000000103e-17 8.844014946816000933e-24 6.568924145280000613e-24 1.855320526886400417e-27
8.122446968003692591e-01 7.090000000000000082e-13 3.550000000000000019e-13 1.260000000000000075e-17 8.587666687488000586e-24 6.408706483199999845e-24 1.341021831609599954e-27
8.331471119127851210e-01 6.090000000000000304e-13 2.969999999999999967e-13 9.879999999999999813e-18 7.337968923264000918e-24 5.319226381056000210e-24 9.661125023424000806e-28
8.536982117761743316e-01 3.110000000000000048e-15 3.770000000000000123e-15 7.830000000000000707e-18 5.960097029376001581e-26 1.028597390553600008e-25 6.777207105984000539e-28
8.744818176994664238e-01 7.290000000000000129e-16 8.939999999999999330e-16 3.450000000000000131e-18 1.413119779545600149e-26 2.451330229824000030e-26 3.484734150240000398e-28
8.954225460394078517e-01 3.370000000000000033e-16 4.160000000000000051e-16 1.720000000000000092e-18 6.568924145280001187e-27 1.137545400768000080e-26 1.929821739753600270e-28
9.164539485499251237e-01 2.149999999999999930e-16 2.680000000000000161e-16 9.339999999999999990e-19 4.229746278912000631e-27 7.241838326016001189e-27 1.091082278764800248e-28
9.370161074648142296e-01 1.559999999999999958e-16 1.949999999999999885e-16 5.209999999999999625e-19 3.069770405452800097e-27 5.223095783808001182e-27 6.152358223872000152e-29
9.576072870600952358e-01 1.200000000000000024e-16 1.520000000000000047e-16 2.939999999999999860e-19 2.384038811750400317e-27 4.037485084416000016e-27 3.436668851615999997e-29
9.786369483844743478e-01 9.669999999999999852e-17 1.239999999999999935e-16 1.679999999999999920e-19 1.929020651443200127e-27 3.268440306432000423e-27 1.910595620304000424e-29
9.995654882259823459e-01 7.960000000000000169e-17 1.029999999999999974e-16 9.969999999999999960e-20 1.598972267558400194e-27 2.720495902118400318e-27 1.071856159315200177e-29
1.020361282647707757e+00 6.670000000000000408e-17 8.699999999999999621e-17 6.269999999999999907e-20 1.349032714713600219e-27 2.303929980710400538e-27 6.200423522496000468e-30
1.040997692423490495e+00 5.659999999999999773e-17 7.429999999999999445e-17 4.280000000000000048e-20 1.147158460492800218e-27 1.970677243584000213e-27 3.749093292672000022e-30
1.060697840353611809e+00 4.829999999999999722e-17 6.400000000000000458e-17 3.210000000000000036e-20 9.869407984127999440e-28 1.701511571289600212e-27 2.427297580512000077e-30
1.082785370316450058e+00 4.150000000000000258e-17 5.520000000000000210e-17 2.589999999999999917e-20 8.491536090240000887e-28 1.470798137894400083e-27 1.672672392115200139e-30
1.103803720955956802e+00 3.560000000000000162e-17 4.739999999999999738e-17 2.109999999999999931e-20 7.273881858432000455e-28 1.262515177190400193e-27 1.201632465600000205e-30
1.123851640967085785e+00 3.060000000000000049e-17 4.079999999999999860e-17 1.780000000000000110e-20 6.280532353536000622e-28 1.086275748902399927e-27 8.940145544064001832e-31
1.146128035678237955e+00 2.649999999999999920e-17 3.530000000000000168e-17 1.539999999999999967e-20 5.415356978304001259e-28 9.388754997887999694e-28 6.777207105984000202e-31
1.167317334748176005e+00 2.300000000000000088e-17 3.060000000000000049e-17 1.330000000000000067e-20 4.710399265152000915e-28 8.171100766080001056e-28 5.118954303456000004e-31
1.187520720836463095e+00 2.000000000000000143e-17 2.660000000000000021e-17 1.159999999999999991e-20 4.101572149248000699e-28 7.081620663936001095e-28 3.797158591296000321e-31
1.206825876031849765e+00 1.739999999999999986e-17 2.319999999999999981e-17 1.009999999999999976e-20 3.556832098176000270e-28 6.152358223872000152e-28 2.643591424320000240e-31
