       0.0000000   6.0600003e-14   3.0300002e-14   1.1000000e-15   6.5753326e-25   7.9788395e-25   4.9987912e-26
     0.020816904   7.4300002e-14   3.7599999e-14   1.3200001e-15   8.1038098e-25   9.8053212e-25   6.0081623e-26
     0.041787300   9.0800001e-14   4.6300000e-14   1.5900000e-15   9.9206783e-25   1.2016325e-24   7.2097947e-26
     0.062581973   1.1000000e-13   5.6800000e-14   1.8999999e-15   1.2083616e-24   1.4675938e-24   8.6277212e-26
     0.083144131   1.3400000e-13   6.9399998e-14   2.2599999e-15   1.4679142e-24   1.7880292e-24   1.0285974e-25
      0.10414556   1.6100000e-13   8.4400003e-14   2.6900000e-15   1.7736096e-24   2.1661428e-24   1.2208585e-25
      0.12483013   1.9399999e-13   1.0200000e-13   3.1900000e-15   2.1340993e-24   2.6115479e-24   1.4419589e-25
      0.14581773   2.3100001e-13   1.2300000e-13   3.7700001e-15   2.5522674e-24   3.1306531e-24   1.6991082e-25
      0.16672604   2.7499999e-13   1.4600001e-13   4.4300001e-15   3.0281140e-24   3.7490934e-24   1.9875002e-25
      0.18752074   3.2400000e-13   1.7400000e-13   5.1699998e-15   3.5760583e-24   4.4220075e-24   2.3143441e-25
      0.20817253   3.8100000e-13   2.0500000e-13   5.9999998e-15   4.2105202e-24   5.1910522e-24   2.6676241e-25
      0.22916969   4.4299999e-13   2.3900001e-13   6.8999998e-15   4.9026605e-24   6.0562276e-24   3.0761791e-25
      0.24993176   5.1300002e-13   2.7699999e-13   7.8800000e-15   5.6813183e-24   7.0175339e-24   3.4847343e-25
      0.27067884   5.8800003e-13   3.1900001e-13   8.9099997e-15   6.5176548e-24   8.0429268e-24   3.9413546e-25
      0.29159083   6.6900001e-13   3.6299999e-13   9.9699996e-15   7.3828301e-24   9.1324068e-24   4.3979749e-25
      0.31175385   7.5299998e-13   4.0800000e-13   1.1000000e-14   8.3056838e-24   1.0253930e-23   4.8305625e-25
      0.33243848   8.3800003e-13   4.5400001e-13   1.1900000e-14   9.2285374e-24   1.1375454e-23   5.2391175e-25
      0.35410844   9.2200000e-13   4.9899998e-13   1.2700000e-14   1.0151391e-23   1.2432890e-23   5.5996072e-25
      0.37474837   1.0000000e-12   5.3900000e-13   1.3200000e-14   1.0987727e-23   1.3362154e-23   5.8399337e-25
      0.39619935   1.0700000e-12   5.7399999e-13   1.3300000e-14   1.1708707e-23   1.4131198e-23   5.9120316e-25
      0.41664053   1.1300000e-12   6.0099999e-13   1.3000000e-14   1.2285491e-23   1.4675938e-23   5.8399337e-25
      0.43775056   1.1700000e-12   6.1900002e-13   1.2400000e-14   1.2746918e-23   1.4996374e-23   5.5996072e-25
      0.45788192   1.2000000e-12   6.2900000e-13   1.1500000e-14   1.3035310e-23   1.5060461e-23   5.2391175e-25
      0.47856649   1.2100000e-12   6.2799998e-13   1.0400000e-14   1.3121827e-23   1.4836156e-23   4.7584646e-25
      0.49968706   1.2100000e-12   6.1699999e-13   8.9199998e-15   1.3035310e-23   1.4291416e-23   4.1336157e-25
      0.52113807   1.2000000e-12   5.9599997e-13   7.2299996e-15   1.2775757e-23   1.3458284e-23   3.4126363e-25
      0.54157925   1.1700000e-12   5.6599999e-13   5.2999999e-15   1.2372008e-23   1.2368803e-23   2.5714935e-25
      0.56229288   1.1200000e-12   5.2999998e-13   3.1700001e-15   1.1824063e-23   1.1055019e-23   1.6798821e-25
      0.58319879   1.0700000e-12   4.9300001e-13   1.2100000e-15   1.1218441e-23   9.7091904e-24   8.2912643e-26
      0.60422605   1.0199999e-12   4.6100000e-13   4.2600000e-16   1.0641657e-23   8.8119715e-24   3.7971586e-26
      0.62428210   9.6799999e-13   4.3299999e-13   2.0999999e-16   1.0093713e-23   8.1390574e-24   2.1629385e-26
      0.64542228   9.1800005e-13   4.0900001e-13   1.3500001e-16   9.5746075e-24   7.6263609e-24   1.4828144e-26
      0.66651797   8.7300002e-13   3.8999999e-13   9.5600003e-17   9.1420199e-24   7.1777515e-24   1.0838725e-26
      0.68752895   8.3400002e-13   3.7500000e-13   7.0399999e-17   8.7671106e-24   6.8893597e-24   8.1230357e-27
      0.70842087   8.0200001e-13   3.6500000e-13   5.3000000e-17   8.4787188e-24   6.6970986e-24   6.1523582e-27
      0.72916476   7.7699999e-13   3.6000001e-13   4.0400001e-17   8.2480054e-24   6.5689240e-24   4.6623341e-27
      0.74973631   7.5800000e-13   3.5899999e-13   2.9799999e-17   8.1038095e-24   6.5368805e-24   3.4607014e-27
      0.75012249   7.3200002e-13   3.6299999e-13   1.6599999e-17   7.9596136e-24   6.5689240e-24   1.8553205e-27
      0.77098345   7.0900002e-13   3.5499999e-13   1.2600000e-17   7.7289002e-24   6.4087064e-24   1.3410218e-27
      0.79151525   6.0899999e-13   2.9700000e-13   9.8799999e-18   6.6041723e-24   5.3192264e-24   9.6611247e-28
      0.81171857   3.1100001e-15   3.7700001e-15   7.8299999e-18   5.3640871e-26   1.0285974e-25   6.7772074e-28
      0.83216661   7.2900002e-16   8.9399997e-16   3.4499999e-18   1.2718079e-26   2.4513303e-26   3.4847342e-28
      0.85278487   3.3700000e-16   4.1600001e-16   1.7200000e-18   5.9120318e-27   1.1375454e-26   1.9298217e-28
      0.87350743   2.1500000e-16   2.6800001e-16   9.3400003e-19   3.8067716e-27   7.2418386e-27   1.0910823e-28
      0.89378159   1.5600000e-16   1.9499999e-16   5.2100002e-19   2.7627933e-27   5.2230958e-27   6.1523581e-29
      0.91409751   1.2000000e-16   1.5200000e-16   2.9400000e-19   2.1456348e-27   4.0374853e-27   3.4366689e-29
      0.93485899   9.6700001e-17   1.2400000e-16   1.6799999e-19   1.7361186e-27   3.2684402e-27   1.9105957e-29
      0.95553314   7.9600001e-17   1.0300000e-16   9.9700002e-20   1.4390750e-27   2.7204958e-27   1.0718562e-29
      0.97608785   6.6700000e-17   8.6999998e-17   6.2700000e-20   1.2141294e-27   2.3039301e-27   6.2004233e-30
      0.99649610   5.6599999e-17   7.4300003e-17   4.2799999e-20   1.0324427e-27   1.9706772e-27   3.7490933e-30
       1.0159881   4.8299999e-17   6.4000003e-17   3.2100001e-20   8.8824669e-28   1.7015115e-27   2.4272975e-30
       1.0378533   4.1499999e-17   5.5199999e-17   2.5900001e-20   7.6423823e-28   1.4707981e-27   1.6726724e-30
       1.0586700   3.5600001e-17   4.7400000e-17   2.1099999e-20   6.5464940e-28   1.2625152e-27   1.2016325e-30
       1.0785345   3.0600002e-17   4.0799999e-17   1.7799999e-20   5.6524792e-28   1.0862757e-27   8.9401459e-31
       1.1006167   2.6500000e-17   3.5299999e-17   1.5400000e-20   4.8738214e-28   9.3887554e-28   6.7772071e-31
       1.1216302   2.3000000e-17   3.0600002e-17   1.3300000e-20   4.2393594e-28   8.1711006e-28   5.1189543e-31
       1.1416737   2.0000000e-17   2.6599999e-17   1.1600000e-20   3.6914150e-28   7.0816208e-28   3.7971586e-31
       1.1608328   1.7400001e-17   2.3200001e-17   1.0100000e-20   3.2011491e-28   6.1523582e-28   2.6435913e-31
