0.000000000000000000e+00 6.060000000000000179e-14 3.030000000000000090e-14 1.099999999999999928e-15 1.826481347712000310e-25 1.994709892896000125e-25 2.221684914176000163e-26
2.081688702890715365e-02 7.429999999999999643e-14 3.759999999999999882e-14 1.319999999999999953e-15 2.251058152224000333e-25 2.451330229824000374e-25 2.670294367999999783e-26
4.178731897175176624e-02 9.080000000000000185e-14 4.630000000000000214e-14 1.590000000000000001e-15 2.755743787776000694e-25 3.004081164000000157e-25 3.204353241600000313e-26
6.258198422816312056e-02 1.099999999999999983e-13 5.680000000000000157e-14 1.900000000000000108e-15 3.356560020576000358e-25 3.668984461632000275e-25 3.834542712447999573e-26
8.314414314305226816e-02 1.340000000000000096e-13 6.939999999999999963e-14 2.260000000000000042e-15 4.077539499936000414e-25 4.470072772032000439e-25 4.571543958015999398e-26
1.041455505540081483e-01 1.609999999999999956e-13 8.439999999999999883e-14 2.689999999999999929e-15 4.926693108960000460e-25 5.415356978304000707e-25 5.426038155776000476e-26
1.248301494138591844e-01 1.940000000000000064e-13 1.019999999999999945e-13 3.190000000000000165e-15 5.928053496960000665e-25 6.528869729759999870e-25 6.408706483200000626e-26
1.458177144918276213e-01 2.309999999999999750e-13 1.230000000000000060e-13 3.770000000000000123e-15 7.089631547040000169e-25 7.826632792608000797e-25 7.551592472704000762e-26
1.667260555800517130e-01 2.749999999999999894e-13 1.460000000000000090e-13 4.429999999999999804e-15 8.411427259199999889e-25 9.372733231680001188e-25 8.833333769344000658e-26
1.875207208364630673e-01 3.239999999999999826e-13 1.739999999999999906e-13 5.169999999999999995e-15 9.933495048960002405e-25 1.105501868352000117e-24 1.028597390553600123e-25
2.081725266671216878e-01 3.809999999999999921e-13 2.050000000000000100e-13 5.999999999999999677e-15 1.169588933184000020e-24 1.297763062848000193e-24 1.185610699392000133e-25
2.291697025391009335e-01 4.429999999999999804e-13 2.389999999999999914e-13 6.900000000000000102e-15 1.361850127680000096e-24 1.514056906655999980e-24 1.367190716416000118e-25
2.499317566341949237e-01 5.130000000000000355e-13 2.769999999999999809e-13 7.880000000000000249e-15 1.578143971488000067e-24 1.754383399776000213e-24 1.548770733440000103e-25
2.706788361447063918e-01 5.880000000000000189e-13 3.190000000000000039e-13 8.910000000000000026e-15 1.810459581504000151e-24 2.010731659104000192e-24 1.751713105408000316e-25
2.915908256580010960e-01 6.689999999999999766e-13 3.630000000000000183e-13 9.970000000000000684e-15 2.050786074624000200e-24 2.283101684640000468e-24 1.954655477376000300e-25
3.117538610557542555e-01 7.530000000000000226e-13 4.079999999999999781e-13 1.100000000000000046e-14 2.307134333952000179e-24 2.563482593280000159e-24 2.146916671872000055e-25
3.324384599156053333e-01 8.379999999999999634e-13 4.539999999999999840e-13 1.190000000000000010e-14 2.563482593280000159e-24 2.843863501920000216e-24 2.328496688896000270e-25
3.541084391474008664e-01 9.219999999999999084e-13 4.989999999999999942e-13 1.270000000000000047e-14 2.819830852608000138e-24 3.108222644352000344e-24 2.488714350976000486e-25
3.747483460101038721e-01 9.999999999999999799e-13 5.390000000000000257e-13 1.319999999999999992e-14 3.052146462624000773e-24 3.340538254368000612e-24 2.595526125696000477e-25
3.961993470957363428e-01 1.070000000000000086e-12 5.739999999999999775e-13 1.330000000000000076e-14 3.252418540224000447e-24 3.532799448864000504e-24 2.627569658112000245e-25
4.166405073382810076e-01 1.130000000000000032e-12 6.009999999999999635e-13 1.299999999999999983e-14 3.412636202304000112e-24 3.668984461632000459e-24 2.595526125696000477e-25
4.377505628203879895e-01 1.170000000000000063e-12 6.189999999999999878e-13 1.239999999999999954e-14 3.540810331968000286e-24 3.749093292672000475e-24 2.488714350976000486e-25
4.578818967339923773e-01 1.199999999999999935e-12 6.290000000000000461e-13 1.149999999999999991e-14 3.620919163008000302e-24 3.765115058880000038e-24 2.328496688896000270e-25
4.785664955938433440e-01 1.210000000000000095e-12 6.280000000000000504e-13 1.040000000000000018e-14 3.644951812320000380e-24 3.709038877152000834e-24 2.114873139456000287e-25
4.996870826184038328e-01 1.210000000000000095e-12 6.169999999999999963e-13 8.919999999999999794e-15 3.620919163008000302e-24 3.572853864384000145e-24 1.837162525184000310e-25
5.211380837040362479e-01 1.199999999999999935e-12 5.959999999999999848e-13 7.229999999999999548e-15 3.548821215072000801e-24 3.364570903679999956e-24 1.516727201023999876e-25
5.415792439465809682e-01 1.170000000000000063e-12 5.660000000000000116e-13 5.300000000000000136e-15 3.436668851616000191e-24 3.092200878144000414e-24 1.142885989503999907e-25
5.622928644564746392e-01 1.120000000000000074e-12 5.299999999999999631e-13 3.169999999999999840e-15 3.284462072640000306e-24 2.763754670880000567e-24 7.466143052927999851e-26
5.831987739686227412e-01 1.070000000000000086e-12 4.930000000000000198e-13 1.209999999999999940e-15 3.116233527456000125e-24 2.427297580511999837e-24 3.685006227839999700e-26
6.042260530844699717e-01 1.020000000000000097e-12 4.609999999999999542e-13 4.260000000000000197e-16 2.956015865376000092e-24 2.202992853600000452e-24 1.687626040576000207e-26
6.242820958356682937e-01 9.679999999999999143e-13 4.330000000000000230e-13 2.100000000000000104e-16 2.803809086400000208e-24 2.034764308416000270e-24 9.613059724799999217e-27
6.454222693490918594e-01 9.179999999999999254e-13 4.090000000000000243e-13 1.349999999999999996e-16 2.659613190528000105e-24 1.906590178752000097e-24 6.590286500223999980e-27
6.665179805548808734e-01 8.730000000000000162e-13 3.900000000000000043e-13 9.560000000000000283e-17 2.539449943968000447e-24 1.794437815296000221e-24 4.817211039872000440e-27
6.875289612146343599e-01 8.339999999999999804e-13 3.750000000000000177e-13 7.039999999999999518e-17 2.435308463616000353e-24 1.722339867359999986e-24 3.610237985535999763e-27
7.084209001347128165e-01 8.020000000000000158e-13 3.650000000000000098e-13 5.299999999999999840e-17 2.355199632576000336e-24 1.674274568736000564e-24 2.734381432832000466e-27
7.291647896927699879e-01 7.770000000000000213e-13 3.599999999999999806e-13 4.040000000000000073e-17 2.291112567744000250e-24 1.642231036320000153e-24 2.072148429567999860e-27
7.497363155690610625e-01 7.580000000000000013e-13 3.589999999999999849e-13 2.979999999999999859e-17 2.251058152224000241e-24 1.634220153216000372e-24 1.538089555967999903e-27
7.701152947871016119e-01 7.449999999999999557e-13 3.609999999999999764e-13 2.210000000000000104e-17 2.235036386015999944e-24 1.634220153216000372e-24 1.132204812032000058e-27
7.909884750888158678e-01 7.320000000000000111e-13 3.630000000000000183e-13 1.660000000000000103e-17 2.211003736704000233e-24 1.642231036320000153e-24 8.245869008384001854e-28
8.122446968003692591e-01 7.090000000000000082e-13 3.550000000000000019e-13 1.260000000000000075e-17 2.146916671872000147e-24 1.602176620799999961e-24 5.960097029375999895e-28
8.331471119127851210e-01 6.090000000000000304e-13 2.969999999999999967e-13 9.879999999999999813e-18 1.834492230816000229e-24 1.329806595264000052e-24 4.293833343744000059e-28
8.536982117761743316e-01 3.110000000000000048e-15 3.770000000000000123e-15 7.830000000000000707e-18 1.490024257344000395e-26 2.571493476384000020e-26 3.012092047104000289e-28
8.744818176994664238e-01 7.290000000000000129e-16 8.939999999999999330e-16 3.450000000000000131e-18 3.532799448864000372e-27 6.128325574560000075e-27 1.548770733439999928e-28
8.954225460394078517e-01 3.370000000000000033e-16 4.160000000000000051e-16 1.720000000000000092e-18 1.642231036320000297e-27 2.843863501920000199e-27 8.576985510016000453e-29
9.164539485499251237e-01 2.149999999999999930e-16 2.680000000000000161e-16 9.339999999999999990e-19 1.057436569728000158e-27 1.810459581504000297e-27 4.849254572288000602e-29
9.370161074648142296e-01 1.559999999999999958e-16 1.949999999999999885e-16 5.209999999999999625e-19 7.674426013632000243e-28 1.305773945952000295e-27 2.734381432831999569e-29
9.576072870600952358e-01 1.200000000000000024e-16 1.520000000000000047e-16 2.939999999999999860e-19 5.960097029376000792e-28 1.009371271104000004e-27 1.527408378495999812e-29
9.786369483844743478e-01 9.669999999999999852e-17 1.239999999999999935e-16 1.679999999999999920e-19 4.822551628608000317e-28 8.171100766080001056e-28 8.491536090240000326e-30
9.995654882259823459e-01 7.960000000000000169e-17 1.029999999999999974e-16 9.969999999999999960e-20 3.997430668896000485e-28 6.801239755296000795e-28 4.763805152512000476e-30
1.020361282647707757e+00 6.670000000000000408e-17 8.699999999999999621e-17 6.269999999999999907e-20 3.372581786784000547e-28 5.759824951776001346e-28 2.755743787776000091e-30
1.040997692423490495e+00 5.659999999999999773e-17 7.429999999999999445e-17 4.280000000000000048e-20 2.867896151232000545e-28 4.926693108960000531e-28 1.666263685632000088e-30
1.060697840353611809e+00 4.829999999999999722e-17 6.400000000000000458e-17 3.210000000000000036e-20 2.467351996031999860e-28 4.253778928224000529e-28 1.078798924671999918e-30
1.082785370316450058e+00 4.150000000000000258e-17 5.520000000000000210e-17 2.589999999999999917e-20 2.122884022560000222e-28 3.676995344736000206e-28 7.434099520512001106e-31
1.103803720955956802e+00 3.560000000000000162e-17 4.739999999999999738e-17 2.109999999999999931e-20 1.818470464608000114e-28 3.156287942976000482e-28 5.340588736000000910e-31
1.123851640967085785e+00 3.060000000000000049e-17 4.079999999999999860e-17 1.780000000000000110e-20 1.570133088384000156e-28 2.715689372255999818e-28 3.973398019584000425e-31
1.146128035678237955e+00 2.649999999999999920e-17 3.530000000000000168e-17 1.539999999999999967e-20 1.353839244576000315e-28 2.347188749471999924e-28 3.012092047104000139e-31
1.167317334748176005e+00 2.300000000000000088e-17 3.060000000000000049e-17 1.330000000000000067e-20 1.177599816288000229e-28 2.042775191520000264e-28 2.275090801535999904e-31
1.187520720836463095e+00 2.000000000000000143e-17 2.660000000000000021e-17 1.159999999999999991e-20 1.025393037312000175e-28 1.770405165984000274e-28 1.687626040575999997e-31
1.206825876031849765e+00 1.739999999999999986e-17 2.319999999999999981e-17 1.009999999999999976e-20 8.892080245440000675e-29 1.538089555968000038e-28 1.174929521920000034e-31
