       0.0000000   6.0600003e-14   3.0300002e-14   1.1000000e-15   3.6529627e-25   3.9894197e-25   3.3325275e-26
     0.020816904   7.4300002e-14   3.7599999e-14   1.3200001e-15   4.5021165e-25   4.9026606e-25   4.0054416e-26
     0.041787300   9.0800001e-14   4.6300000e-14   1.5900000e-15   5.5114876e-25   6.0081624e-25   4.8065298e-26
     0.062581973   1.1000000e-13   5.6800000e-14   1.8999999e-15   6.7131200e-25   7.3379689e-25   5.7518141e-26
     0.083144131   1.3400000e-13   6.9399998e-14   2.2599999e-15   8.1550789e-25   8.9401458e-25   6.8573158e-26
      0.10414556   1.6100000e-13   8.4400003e-14   2.6900000e-15   9.8533865e-25   1.0830714e-24   8.1390570e-26
      0.12483013   1.9399999e-13   1.0200000e-13   3.1900000e-15   1.1856107e-24   1.3057739e-24   9.6130596e-26
      0.14581773   2.3100001e-13   1.2300000e-13   3.7700001e-15   1.4179263e-24   1.5653265e-24   1.1327388e-25
      0.16672604   2.7499999e-13   1.4600001e-13   4.4300001e-15   1.6822855e-24   1.8745467e-24   1.3250001e-25
      0.18752074   3.2400000e-13   1.7400000e-13   5.1699998e-15   1.9866991e-24   2.2110038e-24   1.5428961e-25
      0.20817253   3.8100000e-13   2.0500000e-13   5.9999998e-15   2.3391779e-24   2.5955261e-24   1.7784160e-25
      0.22916969   4.4299999e-13   2.3900001e-13   6.8999998e-15   2.7237002e-24   3.0281138e-24   2.0507860e-25
      0.24993176   5.1300002e-13   2.7699999e-13   7.8800000e-15   3.1562879e-24   3.5087669e-24   2.3231562e-25
      0.27067884   5.8800003e-13   3.1900001e-13   8.9099997e-15   3.6209193e-24   4.0214634e-24   2.6275697e-25
      0.29159083   6.6900001e-13   3.6299999e-13   9.9699996e-15   4.1015722e-24   4.5662034e-24   2.9319832e-25
      0.31175385   7.5299998e-13   4.0800000e-13   1.1000000e-14   4.6142687e-24   5.1269652e-24   3.2203750e-25
      0.33243848   8.3800003e-13   4.5400001e-13   1.1900000e-14   5.1269652e-24   5.6877270e-24   3.4927450e-25
      0.35410844   9.2200000e-13   4.9899998e-13   1.2700000e-14   5.6396617e-24   6.2164452e-24   3.7330715e-25
      0.37474837   1.0000000e-12   5.3900000e-13   1.3200000e-14   6.1042929e-24   6.6810768e-24   3.8932891e-25
      0.39619935   1.0700000e-12   5.7399999e-13   1.3300000e-14   6.5048370e-24   7.0655991e-24   3.9413544e-25
      0.41664053   1.1300000e-12   6.0099999e-13   1.3000000e-14   6.8252727e-24   7.3379692e-24   3.8932891e-25
      0.43775056   1.1700000e-12   6.1900002e-13   1.2400000e-14   7.0816209e-24   7.4981868e-24   3.7330715e-25
      0.45788192   1.2000000e-12   6.2900000e-13   1.1500000e-14   7.2418386e-24   7.5302303e-24   3.4927450e-25
      0.47856649   1.2100000e-12   6.2799998e-13   1.0400000e-14   7.2899039e-24   7.4180780e-24   3.1723097e-25
      0.49968706   1.2100000e-12   6.1699999e-13   8.9199998e-15   7.2418386e-24   7.1457080e-24   2.7557438e-25
      0.52113807   1.2000000e-12   5.9599997e-13   7.2299996e-15   7.0976427e-24   6.7291421e-24   2.2750909e-25
      0.54157925   1.1700000e-12   5.6599999e-13   5.2999999e-15   6.8733380e-24   6.1844017e-24   1.7143290e-25
      0.56229288   1.1200000e-12   5.2999998e-13   3.1700001e-15   6.5689240e-24   5.5275093e-24   1.1199214e-25
      0.58319879   1.0700000e-12   4.9300001e-13   1.2100000e-15   6.2324670e-24   4.8545952e-24   5.5275095e-26
      0.60422605   1.0199999e-12   4.6100000e-13   4.2600000e-16   5.9120317e-24   4.4059858e-24   2.5314391e-26
      0.62428210   9.6799999e-13   4.3299999e-13   2.0999999e-16   5.6076181e-24   4.0695287e-24   1.4419590e-26
      0.64542228   9.1800005e-13   4.0900001e-13   1.3500001e-16   5.3192264e-24   3.8131805e-24   9.8854294e-27
      0.66651797   8.7300002e-13   3.8999999e-13   9.5600003e-17   5.0788999e-24   3.5888758e-24   7.2258164e-27
      0.68752895   8.3400002e-13   3.7500000e-13   7.0399999e-17   4.8706169e-24   3.4446799e-24   5.4153572e-27
      0.70842087   8.0200001e-13   3.6500000e-13   5.3000000e-17   4.7103993e-24   3.3485493e-24   4.1015721e-27
      0.72916476   7.7699999e-13   3.6000001e-13   4.0400001e-17   4.5822252e-24   3.2844620e-24   3.1082227e-27
      0.74973631   7.5800000e-13   3.5899999e-13   2.9799999e-17   4.5021164e-24   3.2684403e-24   2.3071343e-27
      0.77011532   7.4499998e-13   3.6099999e-13   2.2099999e-17   4.4700728e-24   3.2684403e-24   1.6983072e-27
      0.87059111   7.3200002e-13   3.6299999e-13   1.6599999e-17   6.6330113e-24   3.2844620e-24   1.2368804e-27
      0.89251757   7.0900002e-13   3.5499999e-13   1.2600000e-17   6.4407501e-24   3.2043532e-24   8.9401456e-28
      0.91404682   6.0899999e-13   2.9700000e-13   9.8799999e-18   5.5034769e-24   2.6596132e-24   6.4407498e-28
      0.93518469   3.1100001e-15   3.7700001e-15   7.8299999e-18   4.4700726e-26   5.1429870e-26   4.5181382e-28
      0.95653338   7.2900002e-16   8.9399997e-16   3.4499999e-18   1.0598399e-26   1.2256651e-26   2.3231561e-28
      0.97801606   3.3700000e-16   4.1600001e-16   1.7200000e-18   4.9266931e-27   5.6877272e-27   1.2865478e-28
      0.99956549   2.1500000e-16   2.6800001e-16   9.3400003e-19   3.1723097e-27   3.6209193e-27   7.2738817e-29
       1.0206099   1.5600000e-16   1.9499999e-16   5.2100002e-19   2.3023278e-27   2.6115479e-27   4.1015721e-29
       1.0416611   1.2000000e-16   1.5200000e-16   2.9400000e-19   1.7880291e-27   2.0187426e-27   2.2911126e-29
       1.0631381   9.6700001e-17   1.2400000e-16   1.6799999e-19   1.4467655e-27   1.6342201e-27   1.2737305e-29
       1.0844905   7.9600001e-17   1.0300000e-16   9.9700002e-20   1.1992292e-27   1.3602479e-27   7.1457079e-30
       1.1056873   6.6700000e-17   8.6999998e-17   6.2700000e-20   1.0117746e-27   1.1519650e-27   4.1336155e-30
       1.1267028   5.6599999e-17   7.4300003e-17   4.2799999e-20   8.6036888e-28   9.8533860e-28   2.4993955e-30
       1.1467480   4.8299999e-17   6.4000003e-17   3.2100001e-20   7.4020558e-28   8.5075577e-28   1.6181983e-30
       1.1692041   4.1499999e-17   5.5199999e-17   2.5900001e-20   6.3686519e-28   7.3539906e-28   1.1151149e-30
       1.1905558   3.5600001e-17   4.7400000e-17   2.1099999e-20   5.4554115e-28   6.3125758e-28   8.0108830e-31
       1.2109068   3.0600002e-17   4.0799999e-17   1.7799999e-20   4.7103991e-28   5.4313786e-28   5.9600973e-31
       1.2335038   2.6500000e-17   3.5299999e-17   1.5400000e-20   4.0615176e-28   4.6943777e-28   4.5181381e-31
       1.2549829   2.3000000e-17   3.0600002e-17   1.3300000e-20   3.5327996e-28   4.0855503e-28   3.4126362e-31
       1.2754496   2.0000000e-17   2.6599999e-17   1.1600000e-20   3.0761791e-28   3.5408104e-28   2.5314391e-31
       1.2949950   1.7400001e-17   2.3200001e-17   1.0100000e-20   2.6676242e-28   3.0761791e-28   1.7623942e-31
